# callgrind format
version: 1
creator: callgrind-3.19.0
pid: 3634
cmd:  ./main
part: 1


desc: I1 cache: 
desc: D1 cache: 
desc: LL cache: 

desc: Timerange: Basic block 0 - 2542539099
desc: Trigger: Program termination

positions: line
events: Ir
summary: 15320380351


ob=(5) /home/elia/ProgettoFinaleAPI/main
fl=(165) /home/elia/ProgettoFinaleAPI/main.c
fn=(698) ricerca_stazione
43 2401290
+1 960516
+2 960516
+1 480258
+2 33471472
+1 951690
+1 31568092
+1 17089372
+2 10859040
-7 16744562
+9 4413
+1 960516

fn=(738) pianifica_percorso_fwd
542 96
+1 80
cfn=(698)
calls=16 43 
* 2673
* 16
+1 80
cfn=(698)
calls=16 43 
* 3363
* 16
+1 64
+5 96
+6 32

fn=(718) successore
69 47920
+1 38336
+1 38336
cfn=(720) minimo
calls=9584 -10 
* 197902
* 9584
+8 19168

fn=(722) trasferisci_parco_macchine
210 47920
+1 38336
+1 9584
+1 38336
+11 5383568
+1 672946
-3 5441072
+5 67908
+2 5202
+2 1017168
+1 254292
-3 2065548
+6 9584
+1 19168

fn=(700) aggiungi_auto_A
121 19602840
+1 3920568
+1 3920568
+1 209033747
-1 2553915264
+2 9772569
+2 84582
+1 56388
+1 28194
+2 23354244
+2 1139460
+1 1139460
+1 227892
+2 18322410
+1 3664482
+2 1062458665
+1 424983466
+1 1274950398
+1 212491733
-5 857296568
+7 7328964
+1 14645584
+1 3661396
+1 7322792
-1 3086
+1 518344

fn=(706) demolisci_stazione_A
344 117592
+1 29398
+1 88194
cfn=(618) estrai_valore
calls=29398 32 
* 51518235
* 146990
cfn=(698)
calls=29398 43 
* 6518824
* 29398
+1 58796
+2 4179
cob=(3) ???
cfi=(148) ???
cfn=(678) 0x00000000001090e0
calls=1393 0 
* 210046
+1 1393
+2 168088
+2 28113
+2 1
+1 3
cob=(3)
cfi=(148)
cfn=(708) 0x00000000001090d0
calls=1 0 
* 134
+1 3
cob=(3)
cfi=(148)
cfn=(678)
calls=1 0 
* 150
+1 1
+2 46850
+2 13932
+1 13932
cob=(3)
cfi=(148)
cfn=(708)
calls=4644 0 
* 603763
+1 13932
cob=(3)
cfi=(148)
cfn=(678)
calls=4644 0 
* 698301
+1 4644
+4 14178
+1 14178
cob=(3)
cfi=(148)
cfn=(708)
calls=4726 0 
* 614659
+1 14178
cob=(3)
cfi=(148)
cfn=(678)
calls=4726 0 
* 711732
+1 4726
+3 130488
+2 36200
+2 13212
+2 3
+1 3
+1 3
cob=(3)
cfi=(148)
cfn=(708)
calls=1 0 
* 134
+1 3
cob=(3)
cfi=(148)
cfn=(678)
calls=1 0 
* 150
+1 1
+2 22015
+2 11340
+1 11340
+1 6804
cob=(3)
cfi=(148)
cfn=(708)
calls=2268 0 
* 294750
+1 6804
cob=(3)
cfi=(148)
cfn=(678)
calls=2268 0 
* 341274
+1 2268
+4 10675
+1 10675
+1 6405
cob=(3)
cfi=(148)
cfn=(708)
calls=2135 0 
* 277482
+1 6405
cob=(3)
cfi=(148)
cfn=(678)
calls=2135 0 
* 321445
+1 2135
+5 13938
+8 23230
+2 11085
+1 11085
+1 6651
+2 6651
cob=(3)
cfi=(148)
cfn=(708)
calls=2217 0 
* 288204
+1 6651
cob=(3)
cfi=(148)
cfn=(678)
calls=2217 0 
* 334595
+1 2217
+4 12145
+1 12145
+1 7287
+2 7287
cob=(3)
cfi=(148)
cfn=(708)
calls=2429 0 
* 315669
+1 7287
cob=(3)
cfi=(148)
cfn=(678)
calls=2429 0 
* 365273
+1 2429
+4 28752
cfn=(718)
calls=9584 69 
* 351246
* 9584
+1 38336
+1 47920
cfn=(722)
calls=9584 210 
* 15070632
+1 28752
cfn=(724) demolisci_stazione_B
calls=9584 240 
* 3089023
+1 9584
+1 58796

fn=(616) aggiungi_stazione
152 230616
+1 57654
+1 57654
+1 172962
cfn=(618)
calls=57654 32 
* 105428749
* 57654
+1 57654
+1 115308
+1 57654
+2 1923956
+1 3847912
+2 4365
cob=(3)
cfi=(148)
cfn=(678)
calls=1455 0 
* 219204
+1 1455
+2 3842092
+1 1770952
+2 1553355
-11 2036354
+13 112398
cob=(3)
cfi=(148)
cfn=(676) 0x0000000000109130
calls=56199 0 
* 8416824
* 56199
+1 168597
+1 112398
+1 112398
+1 112398
+1 112398
+1 112398
+2 168591
+1 224788
+1 106840
+2 117948
+4 4
+1 4
+2 6
cob=(3)
cfi=(148)
cfn=(678)
calls=2 0 
* 695
* 168591
cob=(3)
cfi=(148)
cfn=(678)
calls=56197 0 
* 8460549
+1 168597
cfn=(618)
calls=56199 32 
* 77667580
* 56199
+1 56199
+2 10506879
cfn=(618)
calls=3502293 32 
* 6338306572
* 3502293
+1 7004586
+6 17511465
cfn=(700)
calls=3502293 -80 
* 6025310790
+1 3502293
-10 10675476
+13 56199
+1 115308

fn=(724)
240 47920
+1 19168
+5 76672
+2 17886
+7 29810
+2 10722
+1 10722
cob=(3)
cfi=(148)
cfn=(708)
calls=3574 0 
* 464746
+1 10722
cob=(3)
cfi=(148)
cfn=(678)
calls=3574 0 
* 538104
+1 3574
+4 7164
+1 7164
cob=(3)
cfi=(148)
cfn=(708)
calls=2388 0 
* 310426
+1 7164
cob=(3)
cfi=(148)
cfn=(678)
calls=2388 0 
* 359088
+1 2388
+3 14488
+2 14488
+33 10866
+8 18110
+2 10070
+1 10070
+1 6042
+2 6042
cob=(3)
cfi=(148)
cfn=(708)
calls=2014 0 
* 261697
+1 6042
cob=(3)
cfi=(148)
cfn=(678)
calls=2014 0 
* 302762
+1 2014
+4 8040
+1 8040
+1 4824
+2 4824
cob=(3)
cfi=(148)
cfn=(708)
calls=1608 0 
* 208754
+1 4824
cob=(3)
cfi=(148)
cfn=(678)
calls=1608 0 
* 242810
+1 1608
+9 19168

fn=(740) pianifica_percorso_bwd
560 84
+1 70
cfn=(698)
calls=14 43 
* 3216
* 14
+1 70
cfn=(698)
calls=14 43 
* 2509
* 14
+1 56
+5 84
+6 28

fn=(544) main
641 4
+1 1
+1 1
+2 1075766
cfn=(546) input_reader
calls=537883 -17 
* 15317007978
+1 537883
-3 1613652
+5 1
+1 2

fn=(546)
628 1613649
+1 3227298
cob=(3)
cfi=(148)
cfn=(548) 0x0000000000109120
calls=537883 0 
* 107902720
* 1075766
+2 537882
+1 537882
+1 1613646
cfn=(614) input_handler
calls=537882 -35 
* 15198885485
+4 537882
-1 1
+1 1
+1 1075766

fn=(716) rottama_auto
468 124116
+1 31029
+1 93087
cfn=(618)
calls=31029 32 
* 54384448
* 155145
cfn=(698)
calls=31029 43 
* 6901672
* 31029
+1 62058
+2 4572
cob=(3)
cfi=(148)
cfn=(678)
calls=1524 0 
* 229317
+1 1524
+2 118020
+5 88515
cfn=(618)
calls=29505 32 
* 50301794
* 29505
+1 59010
+12 29505
+1 29505
+1 1702753
-1 13801984
+2 59010
+2 4395
cob=(3)
cfi=(148)
cfn=(678)
calls=1465 0 
* 220705
+1 1465
+2 56080
+2 12
+1 9
cob=(3)
cfi=(148)
cfn=(678)
calls=3 0 
* 450
+1 3
+2 168222
+1 56074
+2 2340
+1 1755
cob=(3)
cfi=(148)
cfn=(678)
calls=585 0 
* 88191
+13 585
-7 4952000
+1 5942400
+1 990400
-4 4016504
+6 109808
+1 82356
cob=(3)
cfi=(148)
cfn=(678)
calls=27452 0 
* 4131487
+2 28037
+1 62058

fn=(614)
598 2689410
+1 4538653
+2 115308
cfn=(616)
calls=57654 152 
* 12634440010
+1 57654
+2 4019767
+2 839542
cfn=(696) aggiungi_auto_B
calls=419771 446 
* 2317504650
+1 419771
+2 241828
+2 58796
cfn=(706)
calls=29398 344 
* 83367011
+1 29398
+2 124236
+2 62058
cfn=(716)
calls=31029 468 
* 149152934
+1 31029
+2 120
+2 60
cfn=(736) pianifica_percorso
calls=30 -43 
* 117456
+1 30
+2 1075764

fn=(720)
61 38336
+1 9584
+1 35526
-1 85704
+2 9584
+1 19168

fn=(736)
578 120
+1 30
+1 90
cfn=(618)
calls=30 32 
* 51896
* 30
+1 90
cfn=(618)
calls=30 32 
* 52089
* 30
+1 90
+6 90
+1 80
cfn=(738)
calls=16 -47 
* 6516
+4 16
-2 70
cfn=(740)
calls=14 -31 
* 6145
+2 14
+1 60

fn=(618)
32 36353472
+1 4544184
+2 49986024
cob=(3)
cfi=(148)
cfn=(620) 0x0000000000109140
calls=4544184 -35 
* 5393202781
+1 31809288
cob=(3)
cfi=(148)
cfn=(650) 0x0000000000109150
calls=4544184 -36 
* 2474436579
+1 13632552
cob=(3)
cfi=(148)
cfn=(672) 0x00000000001090f0
calls=4544184 -37 
* 72706944
* 22720920
+1 4544184
+1 22720920

fn=(696)
446 1679084
+1 419771
+1 1259313
cfn=(618)
calls=419771 32 
* 736090762
* 2098855
cfn=(698)
calls=419771 43 
* 103019480
* 419771
+1 839542
+2 4488
cob=(3)
cfi=(148)
cfn=(678)
calls=1496 0 
* 225578
+1 1496
+2 1254825
cfn=(618)
calls=418275 32 
* 712855723
* 418275
+1 836550
+6 2091375
cfn=(700)
calls=418275 121 
* 688532874
+1 1254825
cob=(3)
cfi=(148)
cfn=(678)
calls=418275 0 
* 62944246
+1 418275
+1 839542

fl=(158) ???
fn=(512) (below main)
0 12
cob=(2) /usr/lib/x86_64-linux-gnu/libc.so.6
cfi=(159) ./csu/../csu/libc-start.c
cfn=(514) __libc_start_main@@GLIBC_2.34
calls=1 242 
0 15320237986

fn=(760) 0x0000000000001200
0 9
cob=(3)
cfi=(148)
cfn=(766) 0x00000000001090c0
calls=1 0 
0 74
0 1
cfn=(776) 0x0000000000001190
calls=1 0 
0 5
0 3

fn=(776)
0 5

fn=(524) 0x0000000000001240
0 12

ob=(3)
fl=(148)
fn=(462) 0x00000000048776a0
0 38
cob=(1) /usr/lib/x86_64-linux-gnu/ld-linux-x86-64.so.2
cfi=(11) ./elf/./elf/dl-tunables.c
cfn=(28) __tunable_get_val
calls=19 402 
0 391
cob=(1)
cfi=(149) ./elf/../sysdeps/x86_64/dl-trampoline.h
cfn=(468) _dl_runtime_resolve_xsave
calls=1 71 
0 773
0 5

fn=(520) 0x0000000000109000
0 7

fn=(572) 0x00000000048773b0
0 4
cob=(2)
cfi=(173) ./malloc/./malloc/malloc.c
cfn=(574) malloc
calls=2 3263 
0 1882

fn=(604) 0x0000000004877450
0 1099810
cob=(2)
cfi=(180) ./string/../sysdeps/x86_64/multiarch/memchr-avx2.S
cfn=(606) __memchr_avx2
calls=549905 61 
0 19221563

fn=(608) 0x0000000004877660
0 10188178
cob=(2)
cfi=(181) ./string/../sysdeps/x86_64/multiarch/memmove-vec-unaligned-erms.S
cfn=(610) __memcpy_avx_unaligned_erms
calls=5094089 255 
0 71563543

fn=(620)
0 9088368
cob=(2)
cfi=(183) ./stdio-common/./stdio-common/isoc99_sscanf.c
cfn=(622) __isoc99_sscanf
calls=4544184 24 
0 5384114413

fn=(658) 0x0000000004877510
0 18176736
cob=(2)
cfi=(194) ./string/../sysdeps/x86_64/multiarch/strchr-avx2.S
cfn=(660) __strchrnul_avx2
calls=9088368 53 
0 172678992

fn=(702) 0x0000000004877400
0 1075442
cob=(2)
cfi=(181)
cfn=(704) __mempcpy_avx_unaligned_erms
calls=537721 242 
0 8068598

fn=(708)
0 56010
cob=(2)
cfi=(173)
cfn=(710) free
calls=28005 3328 
0 3584408

fn=(632) 0x00000000048773d0
0 9088368
cob=(2)
cfi=(180)
cfn=(634) __rawmemchr_avx2
calls=4544184 61 
0 444868653

fn=(802) 0x000000000483a28c
0 4

fn=(490) 0x000000000483a000
0 7

ob=(4) /usr/libexec/valgrind/vgpreload_core-amd64-linux.so
fl=(153) ???
fn=(796) 0x0000000000001060
0 5

fn=(494) 0x0000000000001110
0 12

fn=(786) 0x00000000000010d0
0 3

ob=(3)
fl=(148)
fn=(504) 0x0000000004877630
0 2
cob=(2)
cfi=(156) ./string/../sysdeps/x86_64/multiarch/strrchr-avx2.S
cfn=(506) __strrchr_avx2
calls=1 53 
0 22

fn=(650)
0 9088368
cob=(2)
cfi=(191) ./stdio-common/./stdio-common/sprintf.c
cfn=(652) sprintf
calls=4544184 25 
0 2465348211

fn=(766)
0 2
cob=(2)
cfi=(210) ./stdlib/./stdlib/cxa_finalize.c
cfn=(768) __cxa_finalize
calls=1 30 
0 72

fn=(792) 0x000000000483a030
0 2
cob=(2)
cfi=(210)
cfn=(768)
calls=1 30 
0 72

fn=(530) 0x0000000004877730
0 2
cob=(1)
cfi=(49) ./elf/./elf/dl-audit.c
cfn=(534) _dl_audit_preinit
calls=1 118 
0 5
cob=(1)
cfi=(149)
cfn=(468)
calls=1 71 
0 776
0 5

fn=(548)
0 1075766
cob=(2)
cfi=(166) ./libio/./libio/iofgets.c
cfn=(550) fgets
calls=537883 32 
0 106826954

fn=(672)
0 9088368
cob=(2)
cfi=(200) ./string/../sysdeps/x86_64/multiarch/strlen-avx2.S
cfn=(674) __strlen_avx2
calls=4544184 52 
0 63618576

fn=(676)
0 112398
cob=(2)
cfi=(173)
cfn=(574)
calls=56199 3263 
0 8304426

fn=(678)
0 1075704
cob=(2)
cfi=(201) ./libio/./libio/ioputs.c
cfn=(680) puts
calls=537852 33 
0 79870448

fn=(682) 0x00000000048774c0
0 1075704
cob=(2)
cfi=(200)
cfn=(674)
calls=537852 52 
0 7529928

fn=(782) 0x000000000010a778
0 4

ob=(4)
fl=(153)
fn=(786)
0 6
cob=(3)
cfi=(148)
cfn=(792)
calls=1 0 
0 74
0 1
cfn=(796)
calls=1 0 
0 5
0 3

ob=(1)
fl=(7) ./elf/./elf/dl-minimal.c
fn=(440) lookup_malloc_symbol
61 8
+3 4
-3 16
+3 4
-3 4
+3 8
-1 4
+1 12
cfi=(78) ./elf/./elf/dl-lookup.c
cfn=(268) _dl_lookup_symbol_x
calls=4 756 
* 2139
+4 28
+1 28
+2 4
fi=(139) ./elf/./dl-sym-post.h
-30 8
+12 12
fe=(7)
+19 20

fn=(12) __rtld_malloc_init_stubs
42 1
+1 2
+1 2
+1 2
+1 2
+1 1

fn=(436) __rtld_malloc_init_real
76 2
+10 1
fi=(138) ./elf/../sysdeps/generic/dl-hash.h
-41 1
fe=(7)
+31 1
fi=(138)
-32 1
fe=(7)
+32 5
+11 1
-1 1
fi=(138)
-43 1
+5 3
+14 4
-17 3
+3 15
+14 20
-17 15
fe=(7)
+46 2
fi=(138)
-24 1
fe=(7)
+22 1
+2 2
fi=(138)
-19 1
fe=(7)
+19 1
cfn=(440)
calls=1 -30 
* 562
+1 3
-1 1
+1 1
cfn=(440)
calls=1 -31 
* 551
+1 3
-1 1
+1 1
cfn=(440)
calls=1 -32 
* 595
+1 3
-1 1
+1 1
cfn=(440)
calls=1 -33 
* 591
+5 1
+1 1
+1 1
+1 1
+1 7

fn=(134) strsep
239 2
+3 6
+2 2
+1 4
+4 46
+7 112
-2 56
+13 1
+4 4
-22 14
+11 14
-11 30

fl=(19) ./elf/../sysdeps/x86/dl-cacheinfo.h
fn=(48) handle_intel.constprop.0
255 24
-5 12
+22 12
-22 84
+13 12
+1 12
+8 12
+7 12
-7 24
+8 12
-1 12
+1 48
+9 60
cfn=(50) intel_check_word.constprop.0
calls=12 123 
* 1218
+2 24
+3 5
cfn=(50)
calls=1 123 
* 20
+2 2
+3 5
cfn=(50)
calls=1 123 
* 265
+2 2
-35 4
+18 60
cfn=(50)
calls=12 123 
* 4032
+2 24
+24 96
-5 3

fn=(50)
123 78
-4 78
+10 104
-10 26
+10 52
+2 52
+71 50
fi=(20) ./elf/../bits/stdlib-bsearch.h
32 25
fe=(19)
202 125
-71 102
+2 63
+2 126
+8 126
+51 102
+22 51
fi=(20)
28 51
-1 102
+2 228
+2 178
+1 89
fe=(19)
+78 178
+3 345
fi=(20)
-82 282
-2 564
+2 512
+1 256
fe=(19)
+78 512
+15 15
246 104
fi=(20)
37 126
fe=(19)
155 36
+3 36
-6 12
+3 39
+9 18
+23 21
-32 63
+3 63
+4 58
+2 116
+3 84
+1 48
+1 48
+1 30
-8 6
+2 12
+8 11
+2 22
+6 14
+3 8
+1 16
-3 12
-5 4
+2 4
-1 4
-1 4
+2 8
-2 4
+3 12
-2 12
+2 8

fn=(54) get_common_cache_info.constprop.0
411 1
+17 1
-17 3
+16 1
-16 2
+15 1
-15 3
+18 1
-1 1
+9 2
+3 2
-5 1
+5 2
+11 1
+5 3
+4 2
611 4
+1 5
+4 2
+7 1
+1 1
+1 7
465 7
+3 4
-31 4
+74 4
+8 4
+2 2
-2 1
+6 3
+3 1
+1 5
-4 2
+16 1
-16 3
+21 2
-21 4
+2 1
+2 4
-4 1
+6 4
+3 2
+5 1
+2 2
+1 1
+1 1
-2 2
+1 1
-19 4
+46 3
+1 1
+1 2
468 7
+7 2
-7 9
+7 6
+3 26
+14 2
+4 1
+3 1
+1 1
-4 2
+3 3
+6 5
-37 12
+15 2
+4 1
+1 1
-1 2
+1 1
+61 2
+7 1
+2 2
-16 1
+22 1
-6 2
+1 1
+5 1
+8 3

fl=(15) ./elf/../sysdeps/x86/dl-get-cpu-features.c
fn=(448) __x86_cpu_features
71 1
-32 3
+32 2

fn=(34) _dl_x86_init_cpu_features
37 1
+2 3
+2 1
cfi=(16) ./elf/../sysdeps/x86/cpu-features.c
cfn=(36) init_cpu_features.constprop.0
calls=1 399 
* 7396

fl=(55) ./io/../sysdeps/unix/sysv/linux/read_nocancel.c
fn=(174) __read_nocancel
25 2
+1 8
+1 2

fl=(136) ./elf/./elf/dl-find_object.c
fn=(428) _dl_find_object_init
561 4
+3 1
+2 2
+13 1
cfn=(432) _dlfo_process_initial
calls=1 474 
* 79
+1 1
-1 1
+1 1
fi=(29) ./elf/../include/rtld-malloc.h
56 1
cfi=(28) ./elf/./elf/dl-minimal-malloc.c
cfn=(80) __minimal_malloc
calls=1 -21 
* 25
fe=(136)
580 1
fi=(29)
56 1
fe=(136)
582 2
+3 2
+5 1
+1 1
cfn=(432)
calls=1 474 
* 280
+3 3
+10 4
-37 2
cfi=(137) ./elf/./dl-find_object.h
cfn=(430) _dl_find_object_from_map
calls=1 95 
* 68
* 1
+29 2
cfn=(434) _dlfo_sort_mappings
calls=1 -60 
* 80
+3 6
+2 1

fn=(432)
474 2
+3 2
-3 2
+1 2
+3 4
+26 14
+1 6
+1 8
-1 16
+3 28
+3 24
-7 10
+25 2
+2 8
-18 18
+3 6
-1 6
cfi=(137)
cfn=(430)
calls=3 95 
* 189
+2 12

fn=(434)
536 1
+1 2
+3 4
+4 1
+1 1
-1 1
+1 2
-1 1
+1 1
-1 1
+1 6
+1 19
-1 9
+8 6
+1 4
-1 2
-13 4
+14 6
+1 4
-15 4
+17 1

fl=(33) ./string/../sysdeps/x86_64/multiarch/../multiarch/strcmp-sse2.S
fn=(94) strcmp
98 159
+33 159
+1 159
+2 159
+1 159
+21 159
+1 159
+1 95
+1 95
+1 74
+1 74
+1 74
+1 74
+17 74
+1 74
+1 74
+1 74
+1 74
+1 74
+1 74
+5 7
+1 21
+9 7
+1 7
+1 7
+1 7
+1 7
+1 7
+1 7
+1 7
-7 85
+1 85
+1 85
+1 85
+1 85
+1 85
+1 85
+1 85
+1 33
+1 15
+1 15
+1 15
+2 15
+1 15
+1 15
+1 15
+1 15
+1 15
-5 18
+1 18
+1 18
+1 18
+1 18
+1 18
+10 59
+1 59
+1 59
+2 59
+6 59
+1 59
+1 59
+1 59
+1 59
+5 59
+2 58
+1 58
+1 116
+8 58
+1 58
+3 58
+1 58
+1 58
+1 58
+1 58
+1 58
542 1
+1 1
+1 1
+1 1
+1 1
+2 1
+1 1
+1 1
+1 1
+1 1
+1 1
+1 1
780 1
+1 1
+1 1
+1 1
+1 1
+2 1
+1 1
+1 1
+1 1
+1 1
+1 1
+1 1
+1 1
+4 1
+1 1
+1 1
+6 1
+1 1
+1 2
+4 1
+1 1
+3 1
+1 1
+1 1
+2 1
+1 1
+1 1
+4 1
+1 1
+1 1
+1 1
+1 1
+1 1
+7 1
+1 1
+2 1
+1 1
+2 1
+1 1
+1 1
+2 1
+1 1
+1 1
+4 1
+1 1
+1 1
+1 1
+1 1
+1 1
1018 1
+1 1
+1 1
+1 1
+1 1
+2 1
+1 1
+1 1
+1 1
+1 1
+1 1
+1 1
+1 1
+4 1
+1 1
+1 1
+6 1
+1 1
+1 2
+4 1
+1 1
+3 1
+1 1
+1 1
+2 1
+1 1
+1 1
+4 1
+1 1
+1 1
+1 1
+1 1
+1 1
+69 2
+1 2
+1 2
+1 2
+1 2
+2 2
+1 2
+1 2
+1 2
+1 2
+1 2
+1 2
+1 2
+4 2
+1 2
+1 2
+6 2
+1 2
+1 4
+4 2
+1 2
+3 2
+1 2
+1 2
+2 2
+1 2
+1 2
+4 2
+1 2
+1 2
+1 2
+1 2
+1 2
+69 1
+1 1
+1 1
+1 1
+1 1
+2 1
+1 1
+1 1
+1 1
+1 1
+1 1
+1 1
+1 1
+4 1
+1 1
+1 1
+6 1
+1 1
+1 2
+4 1
+1 1
+3 1
+1 1
+1 1
+2 1
+1 1
+1 1
+4 1
+1 1
+1 1
+1 1
+1 1
+1 1
+69 2
+1 2
+1 2
+1 2
+1 2
+2 2
+1 2
+1 2
+1 2
+1 2
+1 2
+1 2
1494 11
+1 11
+1 11
+1 11
+1 11
+2 11
+1 11
+1 11
+1 11
+1 11
+1 11
+1 11
+1 11
+4 11
+1 11
+1 11
+6 11
+1 11
+1 22
+4 11
+1 11
+3 11
+1 11
+1 11
+2 11
+1 11
+1 11
+4 11
+1 11
+1 11
+1 11
+1 11
+1 11
+69 2
+1 2
+1 2
+1 2
+1 2
+2 2
+1 2
+1 2
+1 2
+1 2
+1 2
+1 2
1732 2
+1 2
+1 2
+1 2
+1 2
+2 2
+1 2
+1 2
+1 2
+1 2
+1 2
+1 2
+1 1
+4 1
+1 1
+1 1
+6 1
+1 1
+1 2
+4 1
+1 1
+3 1
+1 1
+1 1
+2 1
+1 1
+1 1
+4 1
+1 1
+1 1
+1 1
+1 1
+1 1
+69 4
+1 4
+1 4
+1 4
+1 4
+2 4
+1 4
+1 4
+1 4
+1 4
+1 4
+1 4
+1 1
+4 1
+1 1
+1 1
+6 1
+1 1
+1 2
+4 1
+1 1
+3 1
+1 1
+1 1
+2 1
+1 1
+1 1
+4 1
+1 1
+1 1
+1 1
+1 1
+1 1
+69 6
+1 6
+1 6
+1 6
+1 6
+2 6
+1 6
+1 6
+1 6
+1 6
+1 6
+1 6
+2 6
+4 6
+1 6
+1 6
+6 6
+1 6
+2 12
+4 6
+1 6
+3 6
+1 6
+1 6
+2 6
+1 6
+1 6
+4 6
+1 6
+1 6
+1 6
+1 6
+1 6
+71 82
+2 82
+1 82
+1 82
+1 82
-3 10
+1 10
+1 10
+1 10
+1 30
+5 15
+6 15
+1 15
+8 15
+1 15
-16 144
+6 144
+1 144
+8 144
+1 144

fn=(242) strncmp
98 1
+27 1
+1 1
+1 1
+1 1
+1 1
+2 1
+1 1
+2 1
+1 1
+21 1
+1 1
+1 1
+1 1
+1 1
+1 1
+1 1
+1 1
+17 1
+1 1
+1 1
+1 1
+1 1
+1 1
+1 1
2104 1
+3 1
+1 1
+2 1
+1 1
+8 1
+1 1

fl=(41) ./elf/./elf/dl-hwcaps_split.c
fn=(120) _dl_hwcaps_split
25 4
+1 3
+21 1
-20 1
+20 3

fn=(116) _dl_hwcaps_split_masked
51 77
-25 44
+36 5
-7 5
+7 25
-26 24
+5 27
cfi=(42) ./string/../sysdeps/x86_64/multiarch/../multiarch/strchr-sse2.S
cfn=(118) index
calls=9 -9 
* 216
* 9
+1 18
+3 6
+11 12
+1 18
+1 12
-2 6
+1 9
+1 6
-28 24
+4 48
+1 12
-1 30
+24 6
+9 12
-5 6
-2 6
+2 30
-19 6
cfi=(23) ./string/../sysdeps/x86_64/multiarch/../multiarch/strlen-sse2.S
cfn=(64) strlen
calls=3 +14 
* 51
* 6

fl=(76) ./elf/../sysdeps/x86/dl-cet.c
fn=(258) _dl_cet_check
252 8
42 1
+9 1
-10 1
+4 1
-4 1
+3 2
+4 2
+1 1
-5 1
+5 1
-1 2
+14 2
254 8

fl=(137)
fn=(430)
95 8
+1 8
+1 4
+6 20
+1 119
+1 82
+2 12
+5 4

fl=(209) ./elf/./elf/dl-call_fini.c
fn=(758) _dl_call_fini
24 20
+4 8
+6 4
-2 4
+3 8
+3 2
+1 2
-1 2
+1 4
+3 8
+1 2
cob=(4)
cfi=(153)
cfn=(786)
calls=1 -43 
* 92
cob=(5)
cfi=(158)
cfn=(760)
calls=1 -43 
* 92
-1 8
+5 4
+1 8
+1 2
+1 2
-1 2
+1 4
-1 2
cob=(3)
cfi=(148)
cfn=(802)
calls=1 -49 
* 4
cob=(3)
cfi=(148)
cfn=(782)
calls=1 -49 
* 4
+1 8

fl=(71) ./malloc/./malloc/scratch_buffer_set_array_size.c
fn=(226) __libc_scratch_buffer_set_array_size
30 20
+4 2
+1 4
+10 4
+18 2
-17 2
+17 6

fl=(43) ./string/../sysdeps/x86_64/multiarch/../multiarch/memcmp-sse2.S
fn=(122) bcmp
59 1
+12 1
+1 1
+22 1
+1 1
+45 1
+1 1
+2 1
+1 1
+2 1
+1 1
+2 1
+1 1
+47 1
+1 1
+1 1
+1 1
+1 1
+1 1

fl=(31) ./elf/./elf/dl-load.c
fn=(132) fillin_rpath.isra.0
468 7
+4 1
-4 9
+6 3
cfi=(7)
cfn=(134)
calls=1 239 
* 282
* 3
cfi=(7)
cfn=(134)
calls=1 239 
* 9
* 6
+7 2
+2 3
cfn=(136) expand_dynamic_string_token
calls=1 -98 
* 118
* 1
+4 2
+5 2
cfi=(23)
cfn=(64)
calls=1 57 
* 17
* 1
+1 2
+7 5
+9 15
+1 8
fi=(29)
50 2
cfi=(28)
cfn=(142) __minimal_free
calls=1 +45 
* 5
+1 1
fe=(31)
528 4
+4 4
fi=(29)
56 1
cfi=(28)
cfn=(80)
calls=1 -21 
* 25
* 1
fe=(31)
534 2
+5 1
+1 2
-1 1
-1 1
+2 1
cfi=(30) ./string/../sysdeps/x86_64/multiarch/memmove-vec-unaligned-erms.S
cfn=(126) mempcpy
calls=1 197 
* 13
+3 1
-3 1
+1 1
+2 1
+6 1
+1 1
-1 3
+1 5
+1 1
-1 1
+1 1
-1 3
+1 1
-1 2
+1 1
+2 1
+1 1
-1 1
+1 2
+1 1
+6 2
+1 1
+3 3
-60 4
+66 1
+3 10
-24 2

fn=(90) _dl_process_pt_gnu_property
868 3
+8 3
-8 3
+8 3
-6 3
+12 6
-13 3
+13 3
-13 3
+13 6
+3 9
+1 6
+1 6
+43 3

fn=(176) _dl_map_object_from_fd
944 22
+10 2
-10 6
+10 2
cfi=(46) ./elf/./elf/dl-debug.c
cfn=(178) _dl_debug_update
calls=2 38 
* 14
* 2
+7 8
+85 8
+10 4
+7 14
cfi=(27) ./elf/./elf/dl-object.c
cfn=(74) _dl_new_object
calls=2 59 
* 760
* 2
+1 4
+11 2
+5 2
-4 2
-1 2
+2 2
+2 2
-2 2
+2 4
+1 6
+1 2
+19 2
-2 1
+2 12
-2 1
+2 28
+10 2
-10 2
+10 6
+27 2
-33 2
-3 2
+2 2
-1 2
+35 2
+9 2
-50 2
+41 2
+9 2
-36 2
+63 10
-62 60
+20 2
+1 1
-22 69
+1 127
1223 4
1110 2
1223 4
1110 6
1228 14
+10 6
+1 2
-1 2
+1 2
-1 6
+1 6
-1 6
+1 6
-1 18
1076 4
1245 4
+10 8
+7 8
fi=(60) ./elf/./dl-map-segments.h
28 2
fe=(31)
1262 6
fi=(60)
28 4
+1 18
cfi=(59) ./misc/../sysdeps/unix/sysv/linux/mmap64.c
cfn=(186) mmap
calls=2 +18 
* 18
+73 4
-1 2
-72 2
+73 2
+3 4
+1 2
+2 2
-3 2
+1 2
+2 2
+17 2
+2 2
fi=(61) ./elf/./dl-load.h
-36 16
+1 6
+2 16
fi=(60)
+55 32
+6 2
+2 2
-2 2
+1 2
+2 4
-1 8
+8 4
+3 4
+8 12
cfi=(44) ./string/../sysdeps/x86_64/multiarch/../multiarch/memset-vec-unaligned-erms.S
cfn=(130) memset
calls=2 -44 
* 238
* 2
+6 4
+12 8
-59 48
+5 6
-3 12
+3 6
-3 12
+2 42
cfi=(59)
cfn=(186)
calls=6 -92 
* 54
* 12
fi=(56) ./elf/../sysdeps/posix/dl-fileid.h
37 6
cfi=(57) ./io/../sysdeps/unix/sysv/linux/fstat64.c
cfn=(182) fstat
calls=2 -8 
* 30
* 4
fe=(31)
999 4
fi=(56)
40 6
fe=(31)
999 2
fi=(56)
40 2
fe=(31)
999 23
+1 10
fi=(56)
49 12
fe=(31)
1525 18
1084 13
+1 2
-1 1
+1 1
-1 1
+1 1
cfi=(70) ./io/../sysdeps/unix/sysv/linux/pread64_nocancel.c
cfn=(222) __pread64_nocancel
calls=1 25 
* 7
* 2
+26 26
+26 56
+8 16
+1 8
-1 8
+1 32
+1 8
-1 8
+1 8
+2 8
-2 8
+2 8
+2 8
-4 8
+1 16
-1 8
+4 40
+2 16
+13 16
+1 30
+5 6
+1 54
-28 6
+38 6
-11 2
+1 18
-28 2
+38 2
+3 3
+5 1
-1 2
+5 1
-5 2
-66 1
+71 4
+1 1
+3 1
-3 1
+8 4
-87 4
+7 2
+2 2
-2 2
+1 2
+1 2
-1 4
+1 16
+93 4
+1 2
1018 4
1278 8
+1 6
fi=(62) ./elf/./elf/get-dynamic-info.h
39 4
+6 2
-2 2
+2 4
+9 2
+5 2
-1 2
-3 25
+13 7
-23 28
+23 36
-23 144
+4 86
+5 36
+2 10
+3 8
+13 8
+12 7
+1 8
+1 8
+1 8
+1 7
+1 7
+1 7
+1 8
+12 2
+7 2
-7 14
+7 5
+5 2
+7 2
+1 6
+6 6
+1 3
+17 6
+5 2
+2 2
+2 2
+2 2
+4 6
+2 3
+1 2
+9 2
+6 2
+4 4
fe=(31)
1285 4
+1 4
+2 4
+10 6
+19 6
+2 12
+52 6
+1 2
+6 18
+1 42
+6 8
cfn=(90)
calls=2 868 
* 40
-7 52
+1 25
+6 25
-6 50
fi=(32) ./elf/../sysdeps/x86/dl-prop.h
95 16
213 2
-1 4
105 4
212 2
105 4
-3 2
-1 2
+2 2
+2 4
-5 4
+93 8
-1 2
-87 6
+3 6
+1 4
+1 4
+4 6
+4 6
+3 6
+1 4
+4 2
+1 10
+58 6
+2 8
-56 6
+1 3
+3 6
+3 3
+1 12
+5 12
+7 6
+16 3
-3 6
+3 8
fe=(31)
1390 4
cfi=(63) ./io/../sysdeps/unix/sysv/linux/close_nocancel.c
cfn=(196) __GI___close_nocancel
calls=2 25 
* 12
* 4
+13 4
+2 8
+2 4
+16 4
cfi=(8) ./elf/./elf/dl-setup_hash.c
cfn=(14) _dl_setup_hash
calls=2 25 
* 54
+4 4
+1 4
+17 4
+1 1
+3 1
+5 1
-5 1
+5 1
-5 1
+5 1
-5 1
+5 1
+10 4
+7 16
+10 4
+1 4
+5 2
cfi=(47) ./elf/../elf/dl-tls.c
cfn=(224) _dl_assign_tls_modid
calls=1 131 
* 10
+7 6
cfi=(27)
cfn=(86) _dl_add_to_namespace_list
calls=2 31 
* 96
+3 8
+23 14
+1 6
cfi=(49)
cfn=(198) _dl_audit_objopen
calls=2 77 
* 10
* 2
fi=(61)
95 4
+2 1
-1 2
+1 1
-1 1
+1 1
-1 1
+1 1
-1 2
+3 4
fe=(31)
1516 4
fi=(32)
198 16
+2 2
+1 2
+1 2
-2 2
+3 2
-3 4
+3 2
fi=(62)
62 8
+2 8
fe=(31)
1084 2
fi=(60)
186 8
cfi=(59)
cfn=(186)
calls=1 47 
* 9
+3 2
fe=(31)
1472 6
+2 1
-1 5
+1 1
-1 1
+1 1
-1 1
cfi=(33)
cfn=(94)
calls=1 98 
* 25
* 2
+2 5
1285 2
fi=(56)
49 4
fe=(31)

fn=(136)
385 16
241 4
385 2
241 2
cfi=(42)
cfn=(118)
calls=2 32 
* 72
+3 4
410 2
-11 2
+11 12
-11 2
cfi=(45) ./string/./string/strdup.c
cfn=(138) strdup
calls=2 40 
* 168

fn=(204) _dl_dst_count
238 4
+3 2
-3 6
+7 2
-7 2
+3 2
cfi=(42)
cfn=(118)
calls=2 32 
* 72
+3 4
+20 14

fn=(166) _dl_map_object
1971 33
+8 6
+1 12
+3 42
+5 49
+2 21
cfi=(53) ./elf/./elf/dl-misc.c
cfn=(168) _dl_name_match_p
calls=7 68 
* 663
* 14
+4 12
+1 18
+4 2
-1 10
+1 2
+1 2
-1 2
+1 2
cfi=(33)
cfn=(94)
calls=2 98 
* 50
* 4
2277 27
2018 2
-1 6
+1 4
-1 4
-44 2
+53 6
+17 4
-2 2
+2 2
cfi=(42)
cfn=(118)
calls=2 32 
* 48
* 4
2209 2
-1 3
cfn=(136)
calls=1 385 
* 168
+2 1
-3 1
+1 1
+2 2
+4 7
cfn=(170) open_verify.constprop.0
calls=1 1578 
* 103
+3 2
-3 1
+3 1
+12 4
+45 1
+1 4
-1 1
+1 9
cfn=(176)
calls=1 944 
* 1864
-1 1
+1 4
-1 1
+1 9
cfn=(176)
calls=1 944 
* 2225
* 6
2047 2
cfi=(23)
cfn=(64)
calls=1 57 
* 17
* 2
+2 2
+7 4
+51 13
cfn=(208) open_path
calls=1 1819 
* 576
+6 1
-6 1
+6 4
682 1
2114 1
682 2
2229 4
+46 2
2081 5
682 1
2082 1
682 3
2106 2
+1 2
-47 1
+1 1
696 7
2065 3
682 1
2066 1
682 2
+10 5
2080 2
+1 2
+61 2
cfi=(67) ./elf/./elf/dl-cache.c
cfn=(212) _dl_load_cache_lookup
calls=1 413 
* 1369
* 1
+2 2
+4 2
+8 3
+23 7
cfn=(170)
calls=1 1578 
* 134
+4 2
-4 1
+4 1
+1 1
+17 2
-79 1
+14 2
+2 3
-47 2

fn=(106) _dl_init_paths
706 11
+14 1
-14 2
+14 2
cfi=(38) ./elf/./elf/dl-hwcaps.c
cfn=(108) _dl_important_hwcaps
calls=1 175 
* 1172
fi=(29)
56 1
fe=(31)
720 1
fi=(29)
56 1
cfi=(28)
cfn=(80)
calls=1 -21 
* 25
fe=(31)
725 1
+2 3
+8 2
-1 3
+5 3
fi=(29)
56 1
cfi=(28)
cfn=(80)
calls=1 -21 
* 25
fe=(31)
739 1
+2 4
+17 1
-10 1
+8 1
-9 1
+9 2
+11 1
-9 1
+3 2
+9 1
-2 1
+2 2
-7 1
-4 1
+3 1
+6 1
+2 1
-3 2
+1 16
cfi=(44)
cfn=(130)
calls=4 132 
* 56
+2 15
-14 3
+10 3
+4 9
-12 3
-2 3
+2 3
+4 3
-3 3
+3 3
+1 3
-2 3
+5 6
-3 3
+4 6
+15 1
+3 1
-15 1
+7 1
-1 1
+9 2
+2 4
+2 3
+36 5
+2 2
cfi=(23)
cfn=(64)
calls=1 57 
* 33
* 9
-19 1
-2 1
+2 2
+19 9
cfi=(30)
cfn=(84) memcpy
calls=1 210 
* 11
* 1
+5 4
-1 2
+2 1
+1 2
-2 4
+1 13
+1 26
-2 52
+5 1
fi=(29)
56 1
cfi=(28)
cfn=(80)
calls=1 -21 
* 25
fe=(31)
836 1
fi=(29)
56 1
fe=(31)
838 2
+6 6
cfn=(132)
calls=1 468 
* 613
+3 3
+6 1
+4 8
-35 2
+5 2

fn=(170)
1578 50
+32 5
-32 10
+32 10
+19 20
cfi=(54) ./io/../sysdeps/unix/sysv/linux/open64_nocancel.c
cfn=(172) __open_nocancel
calls=5 28 
* 94
* 5
+2 10
+8 2
+6 6
-5 2
+5 10
cfi=(55)
cfn=(174)
calls=2 25 
* 12
+2 4
+2 4
+2 4
+6 4
+17 26
+81 4
+5 4
+6 8
+6 4
+6 2
+1 2
-1 6
+1 6
+26 45
-22 13
+1 2
-1 1
+1 1
cfi=(70)
cfn=(222)
calls=1 25 
* 7
* 2
1674 3
-59 6
1783 2

fn=(208)
1819 8
+1 1
-1 3
+1 1
+6 2
+5 17
-7 2
-1 1
+8 3
+58 2
-20 4
-35 3
+9 6
+7 2
+1 1
-13 2
+12 3
cfi=(30)
cfn=(126)
calls=1 197 
* 13
+1 9
+3 9
+5 21
cfi=(30)
cfn=(126)
calls=3 197 
* 39
* 12
cfi=(30)
cfn=(126)
calls=3 197 
* 39
+3 9
+6 9
+3 21
cfn=(170)
calls=3 1578 
* 159
+2 3
-2 3
+2 9
+2 6
+89 9
-24 5
+7 2
-2 1
+2 2
+3 4
1829 2
+51 6
+1 21
+6 3
+2 3
-2 9
+2 6
cfi=(66) ./io/../sysdeps/unix/sysv/linux/stat64.c
cfn=(210) stat
calls=3 28 
* 46
* 3
+3 3
-3 6
+1 1
+2 2
-2 1
+2 7
-41 2
+41 4
-41 4
-20 2

fl=(70)
fn=(222)
25 4
+1 8
+1 2

fl=(78)
fn=(268)
756 1288
fi=(79) ./elf/../sysdeps/generic/dl-new-hash.h
74 92
+3 184
-8 92
+1 184
+10 92
+1 184
-1 557
+1 1114
+20 605
-2 605
+6 605
-3 1210
+2 605
-30 605
+3 1210
fe=(78)
758 92
+1 92
+3 92
-4 92
+1 92
+7 350
+3 92
+2 184
-2 92
+6 184
-7 1104
+7 35
+1 1288
cfn=(272) do_lookup_x
calls=92 348 
* 33026
* 276
+28 92
-23 276
+23 92
-23 184
+24 494
+7 85
-7 85
+35 340
+34 85
-20 255
+3 170
-57 92
+76 828
fi=(79)
87 44
+1 44
+1 88
+1 44
fe=(78)
783 42
+18 21
+54 2

fn=(272)
348 736
+1 92
-1 368
+6 92
-6 184
+7 92
+41 92
+3 92
-33 92
+30 92
+3 276
-33 92
+33 276
-19 867
+8 289
-4 289
+4 289
-3 289
+3 867
+1 289
+3 289
-3 289
+4 578
+7 289
-3 578
-2 289
+5 867
+3 2023
+99 615
359 580
+3 580
+4 586
+4 578
+4 578
fi=(4) ./elf/../sysdeps/generic/ldsodefs.h
140 170
+1 255
fe=(78)
460 170
fi=(80) ./elf/../sysdeps/generic/dl-protected.h
29 340
fe=(78)
467 656
+16 170
+1 85
+1 170
-78 270
-1 180
+2 180
+2 90
+6 270
-6 90
+6 720
+7 381
-10 1060
+3 87
-1 174
+1 87
-1 87
+2 174
-1 1044
cfn=(274) check_match
calls=87 71 
* 9801
+4 261
+3 4
+82 7
+1 736
-35 18
-17 10
172 40
437 765

fn=(274)
71 87
+3 87
-3 1044
+3 344
+13 85
-13 85
+13 85
-13 85
+13 255
+3 274
cfi=(33)
cfn=(94)
calls=26 +8 
* 1009
* 52
+4 85
+1 170
+2 166
+19 166
+1 664
-38 85
+84 522
-18 4
+2 4
+1 2
-1 4
+1 6
-1 4
-29 249
cfi=(33)
cfn=(94)
calls=83 -20 
* 4000
* 166
-44 8
+5 4

fl=(57)
fn=(182)
29 6
+1 6
+5 9
cfi=(58) ./io/../sysdeps/unix/sysv/linux/fstatat64.c
cfn=(184) fstatat
calls=3 154 
* 24

fl=(142) ./elf/./elf/dl-call-libc-early-init.c
fn=(450) _dl_call_libc_early_init
27 1
+2 2
-2 1
+6 3
-6 1
+6 3
-6 1
+6 1
cfi=(141) ./elf/./elf/dl-lookup-direct.c
cfn=(446) _dl_lookup_direct
calls=1 +41 
* 173
+4 2
+2 4
+2 1
-1 1
+1 2
-1 1
cob=(2)
cfi=(143) ./elf/./elf/libc_early_init.c
cfn=(452) __libc_early_init
calls=1 -7 
* 1069

fl=(26) ./elf/./elf/dl-environ.c
fn=(72) _dl_next_ld_env_entry
28 3
+1 3
+3 83
+13 73
-13 146
+2 150
+1 36
+5 2
-3 2
+3 2
+2 2
+7 1

fl=(42)
fn=(118)
32 15
+1 15
+1 15
+1 15
+1 15
+1 15
+1 15
+1 15
+1 15
+1 15
+1 15
+1 15
+1 15
+1 15
+1 15
+1 15
+1 15
+1 15
+1 13
+4 13
+1 13
+1 13
+1 13
+2 13
+4 2
+1 2
+1 2
+1 2
+1 2
+1 2
+1 2
+1 2
+1 2
+1 2
+1 2
+1 2
+1 2
+1 2
+1 2
+1 2
+1 2
+1 2
+1 2
+1 2
+1 2
+1 2
+1 2
+1 2
+52 2
+4 2
+1 2
+1 2
+1 2
+2 2

fl=(1) ???
fn=(0) 0x000000000001cda0
0 2
cfi=(2) ./elf/./elf/rtld.c
cfn=(2) _dl_start
calls=1 521 
0 141978
0 10
cfi=(152) ./elf/./elf/dl-init.c
cfn=(486) _dl_init
calls=1 77 
0 360
0 3
cob=(5)
cfi=(158)
cfn=(512)
calls=1 0 
0 15320237998

fl=(9) ./elf/../sysdeps/unix/sysv/linux/dl-sysdep.c
fn=(16) _dl_sysdep_start
102 4
+1 1
+3 2
cfn=(18) _dl_sysdep_parse_arguments
calls=1 -28 
* 496
+4 2
cfi=(11)
cfn=(22) __GI___tunables_init
calls=1 279 
* 38400
+3 1
cfi=(13) ./elf/./elf/dl-sort-maps.c
cfn=(26) _dl_sort_maps_init
calls=1 295 
* 32
+2 2
cfi=(14) ./elf/../sysdeps/unix/sysv/linux/brk.c
cfn=(30) brk
calls=1 -79 
* 8
fi=(5) ./elf/../sysdeps/x86_64/dl-machine.h
+91 1
cfi=(15)
cfn=(34)
calls=1 37 
* 7401
fe=(9)
-84 3
+1 1
cfi=(23)
cfn=(64)
calls=1 -66 
* 17
* 1
+2 2
cfi=(24) ./elf/../misc/sbrk.c
cfn=(66) sbrk
calls=1 -88 
* 15
* 3
+12 3
+3 5
cfi=(2)
cfn=(68) dl_main
calls=1 1355 
* 95004
+3 4

fn=(476) _dl_sysdep_start_cleanup
147 1
+1 1

fn=(18)
78 1
+2 1
-2 4
+1 1
+1 1
-1 1
+2 2
+2 1
-2 1
+2 2
-1 1
+1 2
-1 74
+1 148
+7 2
-4 1
+4 54
fi=(10) ./elf/../sysdeps/unix/sysv/linux/dl-parse_auxv.h
-49 1
-9 1
fe=(9)
+54 1
fi=(10)
-54 1
+1 1
+1 1
+7 3
+1 40
+1 20
-2 20
+2 20
-2 61
fe=(9)
+52 1
+1 1
+1 1
fi=(10)
-49 1
+1 2
+1 1
+1 1
+1 1
+1 1
+1 1
+2 1
-5 1
-2 1
+1 1
+2 1
+1 1
+3 1
-9 1
+1 1
+6 1
fe=(9)
+42 1
-1 1
+2 1
+1 5

fl=(140) ./elf/../sysdeps/nptl/dl-mutex.c
fn=(444) __rtld_mutex_init
30 2
+10 3
-10 1
+10 1
-10 1
+7 1
+3 3
cfi=(141)
cfn=(446)
calls=1 +34 
* 232
+4 2
+1 8
+2 3
-2 1
+2 3
cfi=(141)
cfn=(446)
calls=1 +27 
* 233
+4 2
+1 6
+1 2
-1 1
+1 2

fl=(52) ./setjmp/../sysdeps/x86_64/setjmp.S
fn=(162) __sigsetjmp
31 3
+2 3
+9 3
+1 6
+1 3
+4 3
+1 3
+1 3
+1 3
+1 3
+2 6
+2 3
+1 3
+1 3
+2 6
+2 3
+8 3
+3 3
+1 3
+7 3
+1 3

fl=(23)
fn=(64)
57 15
+44 15
+1 15
+1 15
+1 15
+1 15
+1 15
+1 15
+2 15
+2 15
+31 14
+1 14
+1 14
+1 14
+1 14
+1 8
+2 8
+4 6
+1 6
+1 6
+1 6
+1 6
+1 6
+1 6
+1 6
+1 6
+1 6
+1 6
+1 6
+5 48
+4 1
+1 14
+1 8

fl=(24)
fn=(66)
37 5
+3 1
+18 2
+4 2
+16 5

fl=(8)
fn=(14)
25 4
+3 4
-3 4
+3 8
+3 12
+1 8
+2 4
-1 4
+3 12
+1 4
+1 8
+7 4
-5 4
-2 4
+3 8
+2 4
+2 8
+5 4

fl=(54)
fn=(172)
28 6
+3 6
-3 6
+3 36
+8 42
+2 3
-2 9
+2 3

fl=(65) ./elf/./elf/dl-deps.c
fn=(206) openaux
61 6
+7 2
-4 4
+1 2
-1 16
cfi=(31)
cfn=(166)
calls=2 1971 
* 5166
* 2
+5 4

fn=(202) _dl_map_object_deps
143 4
+1 2
-1 1
+1 1
-1 2
+1 1
-1 1
+1 1
-1 2
+1 1
-1 1
+1 1
-1 2
+1 8
-8 1
+8 2
-8 1
-6 1
-2 1
+16 1
-8 1
-7 1
+1 1
+6 1
+24 4
-28 3
-2 1
+31 1
-33 2
+2 2
+30 2
-30 1
-1 4
+7 4
+24 2
-32 1
+60 1
-60 2
+36 1
+18 1
+46 2
fi=(72) ./elf/../include/scratch_buffer.h
77 1
fe=(65)
228 1
fi=(72)
77 1
+1 1
fe=(65)
182 1
+2 1
+44 3
-31 1
-4 1
+4 5
-4 3
+4 6
+11 12
-18 2
+18 4
417 8
+2 2
+3 4
-3 4
+3 2
-3 2
fi=(29)
56 2
cfi=(28)
cfn=(80)
calls=2 -21 
* 50
fe=(65)
423 6
fi=(29)
56 2
fe=(65)
423 2
+6 2
+1 10
cfi=(30)
cfn=(84)
calls=2 210 
* 22
+1 10
cfi=(30)
cfn=(84)
calls=2 210 
* 22
+3 2
+1 4
+4 12
188 6
442 9
-1 4
+1 8
183 6
+27 8
+7 2
+4 2
-6 2
+1 2
+1 2
+1 4
+3 8
-31 10
+32 104
+6 8
cfi=(31)
cfn=(204)
calls=2 +10 
* 108
* 6
+4 4
-2 2
+2 4
cfi=(51) ./elf/./elf/dl-catch.c
cfn=(160) _dl_catch_exception
calls=2 -28 
* 5330
+1 4
+9 2
+2 4
+5 10
+6 2
+2 2
-8 4
+3 2
+1 2
+1 2
+1 2
+4 10
+4 6
+1 3
-43 214
+7 4
+38 150
fi=(72)
85 3
fe=(65)
448 6
+1 1
+3 4
+11 4
fi=(29)
56 1
cfi=(28)
cfn=(80)
calls=1 -21 
* 25
fe=(65)
465 2
fi=(29)
56 1
fe=(65)
465 1
+5 2
+1 1
-1 2
+4 3
-2 2
+13 3
+5 3
-16 9
-2 3
+6 3
+7 3
-2 6
-5 1
+7 1
-2 2
+2 2
-11 1
+16 1
-16 3
+21 3
+37 2
+15 2
-14 2
+20 1
-1 4
+1 3
-1 5
cfi=(13)
cfn=(230) _dl_sort_maps
calls=1 304 
* 272
+5 1
+2 1
+1 1
-1 1
+2 2
+7 3
+3 2
+3 8
198 25
+3 2
fi=(72)
-70 8
cfi=(71)
cfn=(226)
calls=2 30 
* 40
fe=(65)
+70 6
+4 4
547 3
cfi=(30)
cfn=(84)
calls=1 210 
* 11
* 2
-53 2
144 2

fl=(66)
fn=(210)
28 6
+1 12
cfi=(58)
cfn=(184)
calls=3 154 
* 28

fl=(28)
fn=(142)
95 1
+2 4

fn=(76) __minimal_calloc
78 8
+4 8
-4 32
+7 8
+1 24
fi=(29)
-30 8
cfi=(28)
cfn=(80)
calls=8 -21 
* 234
fe=(28)

fn=(80)
35 120
+1 72
+11 69
+3 23
-3 23
+3 46
-3 2
+3 1
-3 1
+3 90
+18 24
+1 24
+2 96
-16 8
+1 4
+2 2
+1 14
cfi=(59)
cfn=(186)
calls=2 -12 
* 18
* 2
+2 4
+2 4
+2 2
+4 2
-4 4
-23 1
-1 1
+1 1
+1 2
-2 2

fl=(206) ./elf/./elf/dl-fini.c
fn=(752) _dl_fini
26 5
+17 1
-17 6
+20 13
+3 2
cob=(2)
cfi=(207) ./nptl/./nptl/pthread_mutex_lock.c
cfn=(754) pthread_mutex_lock@@GLIBC_2.2.5
calls=1 +28 
* 42
+2 1
+3 2
+2 5
+7 3
-2 1
+2 1
cfi=(49)
cfn=(478) _dl_audit_activity_nsid
calls=1 -22 
* 21
+5 15
+5 1
-5 1
+5 3
+2 8
+2 8
+2 8
+1 4
+1 4
+4 4
-12 12
+14 6
+1 4
+6 6
cfi=(13)
cfn=(230)
calls=1 304 
* 312
+9 2
cob=(2)
cfi=(208) ./nptl/./nptl/pthread_mutex_unlock.c
cfn=(756) pthread_mutex_unlock@@GLIBC_2.2.5
calls=1 367 
* 33
+5 6
+2 1
+2 2
-2 3
+2 6
+2 16
cfi=(209)
cfn=(758)
calls=4 -90 
* 296
+3 8
cfi=(49)
cfn=(784) _dl_audit_objclose
calls=4 -20 
* 20
-9 8
+14 4
-14 12
+18 3
cfi=(49)
cfn=(478)
calls=1 -85 
* 21
* 2
+6 4
+2 1
-2 2
+6 2
+7 8
-77 2

fl=(38)
fn=(108)
175 2
+3 1
-3 3
+3 1
-3 2
+3 1
-3 6
+2 1
cfi=(39) ./elf/../sysdeps/x86_64/dl-hwcaps-subdirs.c
cfn=(110) _dl_hwcaps_subdirs_active
calls=1 29 
* 49
fi=(40) ./elf/./dl-hwcaps.h
54 1
fe=(38)
177 1
fi=(40)
56 1
+32 1
+1 1
+1 1
fe=(38)
-35 2
cfi=(41)
cfn=(116)
calls=1 -4 
* 18
* 2
fi=(40)
+1 1
-2 2
+34 2
+1 2
+1 1
fe=(38)
-32 2
-1 2
+1 2
+1 2
-1 2
-3 4
cfi=(41)
cfn=(116)
calls=2 -4 
* 120
* 2
cfi=(41)
cfn=(116)
calls=1 -4 
* 120
* 6
+48 3
fi=(29)
-47 2
cfi=(28)
cfn=(80)
calls=1 -21 
* 25
fe=(38)
+47 1
+2 2
+3 1
+3 1
fi=(40)
-57 1
+2 1
+1 1
fe=(38)
+58 2
cfi=(41)
cfn=(120)
calls=1 -90 
* 12
* 2
fi=(40)
-59 1
-2 2
+34 2
+1 2
+1 1
fe=(38)
+40 10
+1 4
+1 2
+1 2
-1 2
-4 4
cfi=(41)
cfn=(116)
calls=2 -77 
* 120
* 2
cfi=(41)
cfn=(116)
calls=1 -77 
* 120
* 6
+8 2
+9 4
+3 1
-3 7
+1 6
+14 4
+4 1
+1 1
+1 1
-20 3
+19 1
+1 1
-20 2
+8 2
+4 7
cfi=(43)
cfn=(122)
calls=1 -99 
* 19
+1 3
-14 8
+47 1
-4 2
+4 2
-3 1
+24 1
-24 2
+24 1
fi=(29)
56 1
cfi=(28)
cfn=(80)
calls=1 -21 
* 25
* 1
fe=(38)
214 2
+8 1
fi=(40)
54 1
fe=(38)
221 1
83 1
fi=(40)
-27 1
fe=(38)
+27 1
222 1
fi=(40)
88 1
+1 1
fe=(38)
222 2
fi=(40)
90 1
fe=(38)
-10 2
cfi=(41)
cfn=(116)
calls=1 -29 
* 18
* 2
fi=(40)
-24 1
-2 1
fe=(38)
+29 2
fi=(40)
-29 1
+34 2
+1 2
+1 1
fe=(38)
-7 10
+7 2
-7 2
cfi=(30)
cfn=(126)
calls=2 197 
* 26
+4 2
+2 2
+2 2
-2 4
-9 4
cfi=(41)
cfn=(116)
calls=2 -29 
* 120
* 2
cfi=(41)
cfn=(116)
calls=1 -29 
* 120
+2 3
-2 6
233 2
-4 1
+4 1
+3 9

fl=(141)
fn=(446)
74 27
+2 3
-2 3
+4 3
-4 6
+2 3
+2 9
+37 3
-37 9
+1 6
+2 12
+3 25
+2 6
-54 3
+54 3
-54 3
+54 3
-54 9
+1 9
+2 6
+1 6
+12 9
+3 3
+2 3
-2 3
+2 9
cfi=(33)
cfn=(94)
calls=3 +45 
* 212
* 6
+4 3
+1 3
-1 3
+1 18
+1 9
cfi=(33)
cfn=(94)
calls=3 +39 
* 161
* 6
+57 27
-23 6

fl=(2)
fn=(244) init_tls
738 3
+2 1
+4 1
-4 1
+4 2
+11 1
fi=(29)
44 1
fe=(2)
750 1
+4 1
fi=(29)
44 1
cfi=(28)
cfn=(76)
calls=1 +34 
* 36
fe=(2)
765 1
-12 1
+6 1
-9 1
+11 1
+4 1
+2 3
-1 2
+3 8
+4 1
+2 1
-2 2
-5 1
-1 2
+10 3
+3 2
cfi=(47)
cfn=(246) _dl_tls_static_surplus_init
calls=1 97 
* 79
+3 1
cfi=(47)
cfn=(248) _dl_determine_tlsoffset
calls=1 221 
* 76
+7 1
cfi=(47)
cfn=(250) _dl_allocate_tls_storage
calls=1 422 
* 427
* 1
+1 2
+6 1
fi=(74) ./elf/../sysdeps/generic/dl-call_tls_init_tp.h
31 2
fe=(2)
797 1
fi=(74)
31 6
+2 1
cfi=(25) ./elf/../sysdeps/nptl/dl-tls_init_tp.c
cfn=(254) __tls_init_tp
calls=1 +35 
* 73
fe=(2)
801 1
+3 5
-36 3
-1 7

fn=(164) map_doit
645 2
+2 1
-2 1
+2 1
+1 2
-1 2
+1 3
cfi=(31)
cfn=(166)
calls=1 1971 
* 2516
* 1
+2 2

fn=(2)
521 16
85 1
551 1
85 1
547 1
fi=(5)
46 1
fe=(2)
+39 1
550 1
85 1
fi=(3) ./elf/./get-dynamic-info.h
-40 1
fe=(2)
550 1
fi=(3)
45 2
+23 1
-14 1
+5 1
-1 1
-3 11
+13 3
-23 12
+23 13
-23 52
+4 32
+5 16
+2 5
+3 4
fi=(4)
+21 1
fi=(3)
+30 1
-38 3
+12 4
+1 3
+1 4
+1 4
+1 5
+1 3
+1 4
+1 4
+12 7
+7 2
+13 3
+6 3
+1 3
+3 2
+1 3
+5 3
+3 3
fi=(5)
-70 1
fe=(2)
567 88
fi=(4)
80 1
fe=(2)
567 1
fi=(4)
80 2
fe=(2)
567 27
fi=(5)
273 3
fi=(6) ./elf/./elf/do-rel.h
49 1
fe=(2)
567 1
fi=(6)
50 1
-1 2
+4 1
-3 1
+3 4
+3 2
-7 1
fe=(2)
567 1
fi=(6)
50 1
-1 2
+4 1
-3 1
+3 4
+3 2
+7 3
+2 3
-2 6
fi=(5)
264 3
fi=(6)
64 6
fi=(5)
264 6
+9 24
+3 6
+1 6
+26 9
+4 2
fi=(6)
61 13
fe=(2)
567 6
fi=(6)
51 1
fi=(4)
+29 2
fi=(3)
-18 4
+2 4
fe=(2)
569 1
+13 1
cfi=(7)
cfn=(12)
calls=1 42 
* 10
461 2
85 1
479 2
85 3
479 1
cfi=(8)
cfn=(14)
calls=1 25 
* 27
+2 1
+17 1
-15 1
+15 1
-18 1
+3 1
+9 1
-11 1
+17 1
cfi=(9)
cfn=(16)
calls=1 102 
* 141408
* 1
+2 2
+89 9
fi=(3)
103 3
fe=(2)

fn=(154) handle_preload_list
873 10
+5 1
-5 1
+5 4
-4 2
+7 3
cfi=(50) ./string/../string/strcspn.c
cfn=(156) strcspn
calls=1 32 
* 252
* 1
+1 3
+9 1
183 1
893 2
183 2
895 2
-81 1
+6 1
-5 1
+3 1
+2 2
-6 1
+6 2
-10 1
+6 1
+4 1
cfi=(51)
cfn=(158) _dl_catch_error
calls=1 254 
* 2618
+1 3
+8 3
+67 1
-18 2
+21 9
-15 4
cfi=(30)
cfn=(84)
calls=1 210 
* 19
+1 2

fn=(68)
1355 2
197 1
1355 4
2571 1
1355 7
199 1
302 1
+1 1
197 1
+99 3
1366 1
cfi=(25)
cfn=(70) __tls_pre_init_tp
calls=1 53 
* 17
2550 2
+6 5
-4 1
+4 1
+2 5
cfi=(26)
cfn=(72)
calls=1 28 
* 85
* 4
cfi=(26)
cfn=(72)
calls=2 28 
* 418
* 9
+4 6
-2 2
+2 6
+1 2
-1 6
+1 17
-1 89
+9 12
2689 4
+25 2
1382 1
+1 2
-1 2
+1 2
2647 3
+1 3
-56 2
+7 2
1652 9
cfi=(27)
cfn=(74)
calls=1 59 
* 225
* 1
+2 2
+1 3
+6 1
-5 2
+1 3
+4 1
cfi=(27)
cfn=(86)
calls=1 31 
* 37
+1 2
1120 1
-1 1
1360 1
1148 1
-23 1
+2 1
+21 2
-19 1
+1 1
-5 1
+2 1
+21 2
+57 1
-83 1
+23 1
+4 1
+19 1
+37 2
-57 1
+57 1
-56 116
1254 4
+2 1
1148 18
-26 3
1261 22
+6 4
cfi=(31)
cfn=(90)
calls=1 868 
* 20
-7 26
+1 13
+6 13
-6 26
fi=(32)
212 4
+1 2
95 8
+10 2
212 1
105 2
-3 1
+3 1
-2 1
+2 2
-4 1
-1 2
+93 4
-1 1
-87 3
+3 3
+1 2
+1 2
+4 3
+4 3
+3 3
+1 2
+4 1
+1 5
+58 3
+2 4
-56 4
+1 2
+3 4
+3 2
+1 8
+5 8
+7 4
+16 2
-3 4
+6 4
fe=(2)
1153 1
-5 1
+5 2
-5 2
+30 1
-9 2
+2 1
-3 1
+10 2
+18 2
-38 2
-10 1
+10 1
+1 9
-11 2
+57 4
-1 4
+1 8
-1 4
+2 8
+1 1
+2 12
+1 14
+4 8
+1 8
+1 4
+1 10
+1 1
+4 1
-74 1
+74 2
-74 2
+74 3
-74 3
+74 6
-74 6
fi=(32)
165 2
fe=(2)
1250 1
1148 1
1250 1
1148 3
1273 4
+3 3
+2 3
+2 3
1687 3
+2 2
-1 1
+1 1
+1 3
-2 2
cfi=(33)
cfn=(94)
calls=1 98 
* 25
* 2
+7 1
+3 1
-5 1
+3 1
+2 1
+1 2
+4 2
+2 2
fi=(3)
39 4
+4 1
+2 3
+9 1
+5 1
-1 1
-3 17
+13 5
-23 20
+23 21
-23 84
+4 52
+5 24
+2 5
+16 4
+43 2
+7 3
+1 4
+6 3
+18 4
+5 2
+2 2
+2 2
+2 2
+1 2
+3 4
+2 3
+1 2
+9 2
+6 2
+1 3
+3 3
fe=(2)
1713 4
+7 2
cfi=(8)
cfn=(14)
calls=1 25 
* 27
+3 2
fi=(34) ./elf/./setup-vdso.h
24 2
fi=(37) ./elf/./dl-main.h
+88 2
fi=(36) ./elf/../sysdeps/unix/sysv/linux/dl-vdso-setup.h
-67 1
fi=(37)
+67 3
cfi=(31)
cfn=(106)
calls=1 706 
* 2279
fe=(2)
1748 3
cfi=(46)
cfn=(144) _dl_debug_initialize
calls=1 56 
* 33
+7 1
-5 1
-2 1
+7 1
+4 1
+1 1
+2 1
-3 3
+1 2
+3 1
+11 1
-13 1
+13 1
+1 2
+5 1
-3 2
+2 1
+1 2
+5 3
+1 5
-1 2
224 1
+1 1
-1 1
+1 3
+1 2
1803 2
+5 1
-1 1
+1 1
+24 1
cfi=(47)
cfn=(146) _dl_count_modids
calls=1 197 
* 6
* 1
fi=(48) ./elf/../sysdeps/generic/dl-debug.h
29 4
+1 1
fe=(2)
1838 1
+1 1
cfi=(46)
cfn=(150) _dl_debug_state
calls=1 116 
* 2
+1 1
+4 3
cfi=(49)
cfn=(152) _dl_audit_activity_map
calls=1 29 
* 16
+5 3
+2 1
+2 2
+9 2
+16 4
cfi=(64) ./io/../sysdeps/unix/sysv/linux/access.c
cfn=(200) access
calls=1 25 
* 9
* 2
+76 4
+16 3
85 1
1980 1
85 2
1980 1
85 1
1980 5
85 1
1980 2
cfi=(65)
cfn=(202)
calls=1 143 
* 6863
92 1
+9 1
1986 1
92 2
+9 2
1986 2
+1 6
-1 4
+1 6
-1 12
+4 3
+1 2
+1 1
+2 14
+1 6
+46 1
-42 2
+8 3
+1 2
+2 1
+2 3
+2 1
-4 1
+5 1
-1 2
+14 2
+1 2
+1 3
-25 1
+36 2
+2 2
-2 2
+1 2
+1 1
-1 2
+1 1
cfi=(51)
cfn=(234) _dl_receive_error
calls=1 186 
* 3870
+10 1
+1 1
-1 1
+1 1
+3 2
841 1
fi=(214) ./elf/../sysdeps/unix/sysv/linux/dl-osinfo.h
39 2
fe=(2)
843 1
fi=(214)
52 1
fe=(2)
852 1
+7 1
-5 1
2062 3
2261 2
+4 1
-4 1
+10 1
-6 1
+6 1
-6 1
+9 2
+8 2
fi=(32)
36 2
+1 3
+3 1
+13 2
-13 9
+9 6
-9 1
+9 16
+4 15
-16 12
+34 2
fe=(2)
2293 1
fi=(32)
71 2
cfi=(76)
cfn=(258)
calls=1 252 
* 32
fe=(2)
2293 2
+3 1
85 2
2301 1
85 2
2302 17
+2 8
+5 8
+2 8
+6 4
+2 8
+1 24
cfi=(77) ./elf/./elf/dl-reloc.c
cfn=(260) _dl_relocate_object
calls=3 207 
* 68979
+4 10
+1 2
-23 1
+23 1
cfi=(47)
cfn=(424) _dl_add_to_slotinfo
calls=1 1015 
* 28
-23 3
92 3
+1 1
2334 1
93 1
2334 1
+4 4
+2 1
+7 4
cfi=(47)
cfn=(426) _dl_allocate_tls_init
calls=1 528 
* 147
+3 2
+4 3
+2 2
+33 3
cfi=(142)
cfn=(450)
calls=1 27 
* 1266
+7 1
cfi=(9)
cfn=(476)
calls=1 147 
* 2
+4 3
cfi=(49)
cfn=(478)
calls=1 41 
* 21
+5 2
cfi=(46)
cfn=(178)
calls=1 38 
* 7
+1 1
-1 1
+2 1
cfi=(46)
cfn=(150)
calls=1 116 
* 2
+1 1
+4 1
cfi=(67)
cfn=(480) _dl_unload_cache
calls=1 535 
* 18
+5 8
2313 1
+1 1
-3 2
226 2
-2 1
+1 1
1788 2
+6 1
-6 2
+6 1
fi=(32)
198 9
+2 1
+1 1
+1 1
-2 1
+3 1
-3 2
+3 1
fi=(3)
59 4
+3 4
+2 4
fi=(35) ./elf/../sysdeps/unix/sysv/linux/dl-vdso.h
-24 2
+1 5
fi=(36)
-11 1
+3 1
+3 1
+3 1
fi=(35)
+16 2
fi=(3)
+17 3
+12 3
+1 5
+1 5
+1 5
+1 4
+1 5
+1 5
+1 5
+12 2
+7 1
-7 7
+7 2
fe=(2)
2648 2
+2 1
+1 1
-1 1
+1 1
+1 1
1758 4
2366 1
cfi=(136)
cfn=(428)
calls=1 561 
* 571
+5 3
cfi=(7)
cfn=(436)
calls=1 76 
* 2407
+3 1
cfi=(140)
cfn=(444)
calls=1 30 
* 507
85 1
2380 1
+1 3
85 3
2381 2
cfi=(77)
cfn=(260)
calls=1 207 
* 1618
92 3
+9 3
2055 2
cfn=(244)
calls=1 738 
* 767
* 2
2599 2
+2 2
+1 1
1958 10
85 1
1857 2
85 3
1857 2
cfn=(154)
calls=1 873 
* 2958
* 1
92 3
+9 3
1958 6
+1 1
-1 1
+4 3
+1 1
+1 2
+1 2
-7 2

fn=(236) version_check_doit
678 3
+2 4
cfi=(73) ./elf/./elf/dl-version.c
cfn=(238) _dl_check_all_versions
calls=1 392 
* 3838
* 2
+4 2

fl=(73)
fn=(238)
392 6
+4 5
-2 2
+4 24
cfn=(240) _dl_check_map_versions
calls=4 155 
* 3766
-2 4
+2 12
-1 4
-1 8
+5 7

fn=(240)
155 32
+15 4
-15 4
+15 8
+2 16
+2 4
+1 4
+2 8
+3 4
-16 4
+20 2
-28 2
+24 2
+4 10
+16 4
36 2
200 2
36 12
+1 5
-1 10
+2 21
cfi=(53)
cfn=(168)
calls=7 +30 
* 594
* 14
204 4
+4 6
+5 2
fi=(215) ./elf/../sysdeps/generic/_itoa.h
76 6
fe=(73)
213 4
+4 4
+1 4
-1 2
+4 2
-3 2
+3 2
-3 6
-1 10
+1 10
-1 5
+4 5
-3 5
+3 5
-3 35
56 28
+8 21
+6 21
+16 7
+1 14
+2 7
+5 63
+14 136
+12 183
+4 61
-30 122
231 28
+3 21
+5 5
-24 5
110 7
+3 28
cfi=(33)
cfn=(94)
calls=7 -15 
* 281
* 21
224 28
+4 4
+15 6
+14 10
+3 4
+3 14
+3 6
+4 44
-7 176
+3 134
+8 6
+6 6
fi=(29)
44 3
fe=(73)
280 6
fi=(29)
44 3
cfi=(28)
cfn=(76)
calls=3 +34 
* 108
fe=(73)
281 6
-2 3
fi=(29)
44 3
fe=(73)
281 3
+13 3
-3 3
+3 12
+2 6
+3 8
+4 6
+7 7
+1 7
-1 21
+1 7
+1 7
-2 7
+2 14
+1 21
+3 21
+5 5
-15 5
+2 5
-2 5
+2 5
-2 5
+2 10
-2 2
+2 2
-2 2
+2 2
-2 2
+2 4
+16 6
+10 4
+3 4
+4 44
+6 44
+1 44
+1 44
-1 132
+1 44
-1 44
+1 44
+1 44
+3 132
+4 44
-14 92
+10 6
+12 4
+1 4
+1 4
+1 2
+19 36
164 2
-8 2
257 5
+17 3
+60 2
-40 2
+76 4
+2 4
+4 2
-4 104
+1 52
+2 1
+1 2
-1 1
+1 1
cfi=(33)
cfn=(242)
calls=1 98 
* 32
* 2

fl=(11)
fn=(22)
279 9
-9 3
+34 5
71 380
+6 75
-3 75
+3 7485
354 8
81 150
+5 150
fi=(12) ./elf/./elf/dl-tunables.h
+54 75
fe=(11)
-54 300
fi=(12)
+55 180
-1 165
+1 180
fe=(11)
320 300
-18 10500
+6 14475
fi=(12)
140 2025
+1 1350
-1 36
+1 144
-1 180
fe=(11)
298 150

fn=(56) __GI___tunable_set_val
157 25
-55 45
fi=(21) ./elf/./dl-tunable-types.h
-12 5
fe=(11)
+21 5
+1 5
fi=(21)
-22 5
fe=(11)
+22 10
+1 5
-1 5
+1 20
fi=(12)
+8 10
fe=(11)
+13 30
+1 5
+1 5
+1 5
+24 5
fi=(12)
-39 5
fe=(11)
-6 10
fi=(12)
+15 5
fe=(11)
-12 10
+4 25
+7 10
+1 10

fn=(28)
402 32
+3 224
+9 32
-9 122
+9 10
+17 160
+2 32
-9 22
+1 22

fl=(46)
fn=(178)
38 3
+3 3
-1 6
+4 6
+4 3

fn=(144)
56 2
+3 2
+4 1
+22 1
+10 1
-32 2
+1 1
+21 2
+5 2
+1 1
+4 1
-4 1
-1 1
+2 1
+3 1
+4 2
+8 2
-50 3
+39 6

fn=(150)
116 2
+1 2

fl=(50)
fn=(156)
32 4
+1 3
+1 2
+5 6
+1 4
+1 4
+1 4
+2 1
+3 3
+1 2
-1 6
+1 4
+3 4
+1 4
+1 4
+1 4
+2 3
+6 1
-1 1
+1 1
+2 2
-1 2
+2 1
+2 6
-5 12
-1 12
+1 12
+2 24
-1 24
+2 12
+2 72
+2 1
+1 4
+1 3

fl=(44)
fn=(130)
132 7
+1 35
+5 7
+1 7
+3 2
+1 2
244 2
+1 2
+12 2
+3 2
+1 2
+12 2
+1 2
+13 2
+1 2
+2 2
+3 1
+3 2
+3 1
+1 1
+1 1
+1 1
+1 1
+1 1
+1 1
-6 27
+1 27
+1 27
+1 27
+1 27
+1 27
+1 27
+3 2
+1 2
+1 2
+1 2
+5 2
+34 5
+2 5
+1 5
+39 5
+1 5
+2 5

fl=(150) ./elf/./elf/dl-runtime.c
fn=(470) _dl_fixup
46 16
+2 10
+1 2
+6 2
fi=(216) ./elf/../sysdeps/x86_64/dl-runtime.h
-27 2
fe=(150)
+21 2
+5 2
+1 2
-6 2
+6 4
+1 2
+2 2
-2 2
+2 2
-2 10
+7 4
+4 4
+4 6
+4 6
+1 8
+1 6
+8 2
-1 2
+1 4
+10 20
cfi=(78)
cfn=(268)
calls=2 756 
* 1277
* 2
+4 10
+10 20
+15 8
+9 6
+26 6
fi=(5)
+61 2
fe=(150)
-57 12

fl=(63)
fn=(196)
25 3
+1 12
+1 3

fl=(64)
fn=(200)
25 1
+2 7
+4 1

fl=(30)
fn=(84)
210 17
+1 17
+6 17
+1 17
+2 10
+1 10
+1 10
+2 7
+1 7
+1 7
+2 7
+80 7
+1 7
+2 1
+4 1
+1 1
+1 1
+1 1
+1 1
+4 1
+2 1
+39 6
+1 6
+1 6
+1 6
+1 6
+7 3
+1 3
+1 3
+1 3
+1 3
+1 3
+1 3
+11 3
+1 3
+2 3
+1 3
+1 3

fn=(126)
197 13
+1 13
+1 13
+1 13
+17 13
+1 13
+2 5
+1 5
+1 5
+2 4
+1 4
+1 4
+2 4
+80 8
+1 8
+2 1
+4 1
+1 1
+1 1
+8 1
+39 7
+1 7
+1 7
+1 7
+1 7
+7 1
+1 1
+1 1
+1 1
+1 1
+1 1
+1 1
+11 1
+1 1
+2 1
+1 1
+1 1

fl=(16)
fn=(36)
399 1
+16 1
-16 6
+3 1
+1 1
+1 1
+11 2
+3 6
687 3
+1 2
+3 2
+1 2
+6 1
+1 1
+1 1
+1 1
fi=(19)
-69 1
+2 1
+14 2
+78 1
+2 1
+43 1
-40 1
+4 1
-8 1
+1 1
+2 1
-1 1
+1 1
+1 1
+1 1
+1 1
+1 1
+1 1
+1 1
+1 1
+34 1
+25 2
+9 6
cfi=(11)
cfn=(28)
calls=1 402 
* 21
* 1
+2 2
+3 4
cfi=(11)
cfn=(28)
calls=1 402 
* 21
* 1
+5 2
-3 2
+3 2
cfi=(11)
cfn=(28)
calls=1 402 
* 21
* 1
+1 5
+16 2
-12 5
cfi=(11)
cfn=(28)
calls=1 402 
* 21
* 1
+1 3
+6 5
cfi=(11)
cfn=(28)
calls=1 402 
* 21
+3 3
-3 1
+3 5
-3 1
+3 2
cfi=(11)
cfn=(56)
calls=1 157 
* 53
+1 8
cfi=(11)
cfn=(56)
calls=1 157 
* 53
+1 10
cfi=(11)
cfn=(56)
calls=1 157 
* 53
+3 9
cfi=(11)
cfn=(56)
calls=1 157 
* 53
+2 9
cfi=(11)
cfn=(56)
calls=1 157 
* 53
+14 2
fe=(16)
706 1
fi=(19)
851 1
+2 1
fe=(16)
706 2
fi=(19)
851 1
+3 1
-1 1
+5 1
-3 1
+1 1
+1 1
fe=(16)
706 1
cfi=(11)
cfn=(28)
calls=1 402 
* 19
+4 3
+61 1
-1 1
+1 1
+46 4
cfi=(11)
cfn=(28)
calls=1 402 
* 19
+2 4
cfi=(11)
cfn=(28)
calls=1 402 
* 19
fi=(22) ./elf/../sysdeps/unix/sysv/linux/x86/cpu-features.c
27 6
fe=(16)
829 2
+45 8
fi=(19)
-95 12
fe=(16)
-55 1
-1 2
+1 3
+51 3
+27 2
-10 2
+1 2
+2 3
+1 2
+2 3
+1 2
fi=(19)
650 3
cfn=(48)
calls=1 255 
* 448
+1 1
-1 2
+1 1
cfn=(48)
calls=1 255 
* 495
+1 1
-1 1
+1 1
cfn=(48)
calls=1 255 
* 522
+3 1
-3 2
+3 1
cfn=(48)
calls=1 255 
* 468
+2 1
-2 1
+2 1
cfn=(48)
calls=1 255 
* 461
+3 1
-2 1
+5 1
-6 1
+3 1
cfn=(48)
calls=1 255 
* 439
+2 1
-2 1
+2 1
cfn=(48)
calls=1 255 
* 441
+3 1
-2 1
-1 1
+3 1
cfn=(48)
calls=1 255 
* 486
+2 1
-2 1
+2 1
cfn=(48)
calls=1 255 
* 488
+3 1
-3 1
+3 1
cfn=(48)
calls=1 255 
* 513
+2 1
-2 1
+2 1
cfn=(48)
calls=1 255 
* 515
+2 1
-2 1
+2 1
cfn=(48)
calls=1 255 
* 820
+2 3
-2 1
+2 1
cfn=(54)
calls=1 411 
* 222
* 2
+73 9
+11 1
-11 1
+11 7
fe=(16)
424 6
cfn=(38) get_common_indices.constprop.0
calls=1 -99 
* 71
303 3
+1 2
+1 6
+5 2
429 1
cfn=(42) update_active.constprop.0
calls=1 43 
* 192
+2 1
+2 1
701 1
431 2
564 2
+7 2
+2 2
+4 2
+6 2
+2 1
422 2
-3 1
311 6
+5 2
+1 7
433 1
fi=(19)
771 1
fe=(16)
433 3
+1 4
+69 2
+10 9
+42 2
fi=(19)
796 2
fe=(16)
556 1
434 11
+55 4

fn=(38)
325 1
+4 4
+3 3
+5 2
-5 1
+5 1
-5 1
+4 1
+1 1
+1 4
+1 4
+1 3
+1 2
+7 2
+2 5
+5 1
-5 1
+5 1
-5 1
+5 1
-5 2
+5 1
+7 1
-7 4
+7 1
+1 3
+6 1
-6 4
+6 1
fi=(17) ./elf/../sysdeps/unix/sysv/linux/x86/dl-minsigstacksize.h
24 2
+3 2
+1 2
+37 3
+7 1
+2 1
fe=(16)
384 2

fn=(42)
43 7
+45 1
-13 1
-28 1
+10 1
+31 1
+4 1
+1 1
-17 1
-10 1
+10 1
-20 1
-1 1
+38 2
-28 1
+29 1
-18 1
-21 1
+25 1
-6 1
-19 1
+29 1
-28 1
+38 1
-38 1
+38 1
-14 1
+15 1
-15 1
-15 1
+18 1
+4 1
-22 1
+9 1
+18 1
-18 1
+18 1
+5 1
-32 1
+18 1
-9 1
+9 1
+4 1
+10 1
-17 1
+7 1
+5 1
+3 1
+3 1
-1 1
+1 1
-1 1
+1 1
+2 2
+1 4
+3 1
+1 1
-1 1
+1 1
-1 1
+1 1
-1 1
+1 1
+4 2
+4 2
+2 4
+83 3
+13 1
-1 2
+4 3
+4 1
-4 1
+4 1
+67 3
+4 3
fi=(18) ./elf/../sysdeps/x86/get-isa-level.h
31 1
-3 1
+3 1
-1 2
fe=(16)
296 1
+1 8
-75 3
+1 2
+3 1
-1 1
+9 1
-5 1
+2 1
-2 1
+5 1
fi=(18)
32 3
+4 3
fe=(16)
+83 2
+2 1
+3 2
+10 1
+10 2
-10 1
+10 1
-10 2
+6 3
+2 1
-2 1
+2 3
+7 4
fi=(18)
39 2
+1 4
+5 1
-7 1
+7 3
+2 1
+1 2
+3 5
+2 4
+1 2
+1 2
+6 1
-4 1
+4 1
-3 2
fe=(16)
+73 1
-5 2
+4 1

fl=(14)
fn=(30)
36 1
fi=(217) ./elf/../sysdeps/unix/sysv/linux/brk_call.h
-12 2
fe=(14)
+13 1
+1 2
+6 1
+1 1

fl=(25)
fn=(254)
68 2
fi=(218) ./elf/../include/list.h
-24 1
fe=(25)
+24 1
fi=(218)
-25 1
fe=(25)
+26 1
+3 1
fi=(218)
-29 1
+1 1
+1 1
+2 1
fe=(25)
+28 4
+1 2
+1 1
+5 2
+5 1
+6 1
-3 1
+3 1
-6 3
+6 1
+13 3
fi=(75) ./elf/../sysdeps/unix/sysv/linux/rseq-internal.h
-72 1
fe=(25)
+72 1
cfi=(11)
cfn=(28)
calls=1 402 
* 20
fi=(75)
-74 3
+2 6
+3 2
+3 1
fe=(25)
+83 3
+7 2
+1 3

fn=(88) rtld_mutex_dummy
42 8
+2 16

fn=(70)
53 3
+3 8
+5 1
-5 1
+5 1
+1 1
-6 1
+8 1

fl=(135) ./misc/../sysdeps/unix/syscall-template.S
fn=(422) mprotect
117 20
+5 4

fn=(482) munmap
117 5
+5 1

fl=(13)
fn=(232) dfs_traversal.part.0
140 64
+10 8
-2 8
+2 16
+2 20
-7 20
+7 40
+9 16
+15 24
+1 8
+1 48
-17 12

fn=(26)
295 2
+1 4
cfi=(11)
cfn=(28)
calls=1 402 
* 20
+2 3
-1 1
+2 2

fn=(230)
304 24
+8 2
-8 2
+8 4
+4 16
216 2
-28 2
-2 2
+1 4
+29 2
-28 8
+1 2
-1 2
+1 2
-1 4
+1 6
-1 6
+1 6
-1 12
+28 30
+8 6
-3 2
+2 2
+1 4
-3 2
+5 26
+2 8
-83 40
cfn=(232)
calls=8 -5 
* 284
+86 24
+18 8
+13 2
+54 2
-47 6
cfi=(30)
cfn=(84)
calls=2 -59 
* 22
+13 8

fl=(47)
fn=(424)
1015 8
+6 1
+3 1
+1 1
+4 3
+34 2
+3 3
+1 3
+3 6

fn=(250)
422 2
+2 1
-2 2
+13 1
+1 1
fi=(29)
56 1
cfi=(28)
cfn=(80)
calls=1 -21 
* 53
fe=(47)
437 2
+8 3
fi=(29)
44 1
fe=(47)
445 2
+5 1
-5 1
+1 1
+4 304
+19 1
-99 1
+4 1
+1 1
fi=(29)
44 1
cfi=(28)
cfn=(76)
calls=1 +34 
* 36
fe=(47)
376 2
+3 1
+6 2
+90 5

fn=(246)
97 2
+4 1
-4 2
+4 1
-4 2
+4 3
cfi=(11)
cfn=(28)
calls=1 402 
* 21
* 1
+1 4
cfi=(11)
cfn=(28)
calls=1 402 
* 21
+6 1
+2 1
-8 1
+6 2
+2 3
+3 1
+2 1
-32 3
+34 3
+1 5

fn=(224)
131 2
+3 1
+13 1
-13 1
+52 1
+2 1
+3 1
+1 2

fn=(426)
528 10
+1 2
+4 1
+6 1
-6 1
+6 1
cfi=(25)
cfn=(88)
calls=1 42 
* 3
+3 3
+12 1
-18 1
-1 1
+43 2
-19 13
+9 3
+1 2
+6 3
+3 1
-2 1
+2 1
-2 1
+2 4
+4 1
-4 1
+4 1
-1 2
+4 2
+1 4
+2 2
+1 2
+17 1
-8 1
+8 1
+2 3
cfi=(30)
cfn=(126)
calls=1 197 
* 13
* 5
cfi=(44)
cfn=(130)
calls=1 132 
* 25
-49 1
+55 1
-55 4
+6 5
+55 2
cfi=(25)
cfn=(88)
calls=1 42 
* 3
+3 2
+3 9

fn=(146)
197 1
+2 2
+1 1
+15 2

fn=(248)
221 8
+6 3
+3 2
+36 3
+2 1
-2 1
-2 1
-40 1
-1 1
-1 1
+46 2
+23 3
+3 1
-3 5
+2 2
-2 1
-25 1
+20 1
-20 5
+2 2
+3 1
-1 1
+5 2
-5 1
+1 1
-1 1
+3 2
+2 3
+32 2
-1 1
+53 1
-52 5
+2 2
+51 8

fl=(149)
fn=(468)
71 2
+5 2
+3 2
+2 2
+10 2
+6 2
+1 2
+1 2
+1 2
+1 2
+1 2
+1 2
+4 2
+1 2
+3 2
+1 2
+2 2
+1 2
+1 2
+1 2
+1 2
+1 2
+2 2
+7 2
+1 2
+1 2
cfi=(150)
cfn=(470)
calls=2 -84 
* 1467
+1 2
+5 2
+1 2
+1 2
+2 2
+1 2
+1 2
+1 2
+1 2
+1 2
+1 2
+2 2
+2 2
+4 2
+2 2

fl=(152)
fn=(486)
77 12
+1 1
+1 1
+3 3
+8 2
+25 1
+1 5
+1 2
-86 4
+86 6
-86 12
+2 20
cfn=(488) call_init.part.0
calls=3 -7 
* 187
+83 12
+7 8
-92 4
+2 6
cfn=(488)
calls=1 -7 
* 72
+52 2

fn=(488)
26 32
+13 4
-13 4
+16 4
-3 8
+3 8
+5 6
+8 9
+1 6
cob=(3)
cfi=(148)
cfn=(490)
calls=1 -56 
* 7
+3 3
+1 6
+6 4
+2 4
-2 2
+3 13
+1 4
cob=(2)
cfi=(157) ./libio/./libio/vtables.c
cfn=(508) check_stdfiles_vtables
calls=1 +8 
* 12
* 8
cob=(2)
cfi=(154) ./csu/./csu/init-first.c
cfn=(500) _init_first
calls=1 -24 
* 68
cob=(4)
cfi=(153)
cfn=(494)
calls=1 -70 
* 12
-1 9
+3 24
-29 2

fl=(39)
fn=(110)
29 1
fi=(18)
+2 1
fe=(39)
+7 1
fi=(18)
-7 2
-1 2
fe=(39)
+22 1
fi=(18)
-20 3
+4 1
fe=(39)
+2 1
fi=(18)
-2 2
+3 4
+1 4
+5 1
fe=(39)
-7 1
fi=(18)
+7 3
fe=(39)
-2 1
fi=(18)
+5 2
+3 5
+2 4
+1 2
+1 2
+6 1
fe=(39)
-13 1
fi=(18)
+13 1
-3 2
fe=(39)

fl=(49)
fn=(534)
118 1
+1 4

fn=(478)
41 6
+4 3
-4 3
+4 3
-4 3
+4 3
-4 6
+4 3
+1 3
+1 12
+4 18

fn=(152)
29 6
+2 1
-1 1
+1 2
+6 6

fn=(784)
97 4
+1 16

fn=(198)
77 2
+1 8

fl=(27)
fn=(74)
59 42
+3 6
+18 4
+3 2
cfi=(23)
cfn=(64)
calls=2 -26 
* 52
+4 2
-4 2
+4 2
+5 2
-9 6
fi=(29)
-39 4
cfi=(28)
cfn=(76)
calls=2 +34 
* 100
fe=(27)
+39 1
fi=(29)
-39 2
cfi=(28)
cfn=(76)
calls=1 +34 
* 42
* 3
fe=(27)
+51 6
+5 3
+4 3
-6 3
+2 3
+4 3
-5 3
+4 3
+1 3
-1 3
+1 6
cfi=(30)
cfn=(84)
calls=3 210 
* 44
* 6
+2 3
+13 6
+6 1
+2 7
+3 2
-3 14
+3 4
+2 3
+4 3
+3 10
+2 4
-2 3
+2 15
-2 45
+16 6
-5 3
+5 3
-6 3
+30 3
-24 3
-6 3
+6 6
+2 4
+3 4
-3 2
+7 8
+4 4
+8 1
+3 1
+10 3
-10 2
+10 6
+2 2
+21 2
-21 2
cfi=(23)
cfn=(64)
calls=2 57 
* 70
* 6
+17 2
-13 6
+50 6
cfi=(30)
cfn=(126)
calls=2 -48 
* 34
* 2
+5 4
+1 4
-1 80
+1 80
+2 4
+3 2
+3 2
+4 27
131 6
-8 2
-4 4
+34 1
+7 4
+8 8
fi=(29)
56 4
cfi=(28)
cfn=(80)
calls=2 -21 
* 50
* 2
fe=(27)
200 8
64 2
+2 3
+1 2
+4 6
+6 2

fn=(86)
31 6
+2 3
-2 6
+2 3
-2 6
+2 3
cfi=(25)
cfn=(88)
calls=3 +9 
* 9
+2 26
+3 20
+2 2
+2 2
+4 2
+4 2
-4 4
+1 4
+1 2
+3 2
-3 2
+3 4
-1 2
cfi=(25)
cfn=(88)
calls=2 -8 
* 6
-4 1
+4 1
-4 2
+1 2
+1 1
+3 1
-3 1
+3 2
-1 1
cfi=(25)
cfn=(88)
calls=1 -8 
* 3
-5 2

fl=(58)
fn=(184)
154 12
-55 12
+70 16
+1 4
-2 4
+1 4

fl=(59)
fn=(186)
47 24
+3 24
+8 48
+2 12

fl=(53)
fn=(214) _dl_sysdep_read_whole_file
36 2
+3 1
-3 5
+3 1
-3 2
+3 1
cfi=(54)
cfn=(172)
calls=1 -11 
* 17
+1 2
+23 7
-21 4
cfi=(57)
cfn=(182)
calls=1 -13 
* 15
* 2
+2 2
+3 2
+13 2
cfi=(63)
cfn=(196)
calls=1 -35 
* 6
* 1
-11 6
cfi=(59)
cfn=(186)
calls=1 -2 
* 9
* 2

fn=(168)
68 84
+1 28
cfi=(33)
cfn=(94)
calls=14 +29 
* 350
* 28
+3 14
+2 28
+6 15
-6 30
+1 54
cfi=(33)
cfn=(94)
calls=18 +23 
* 520
* 36
+8 3
-13 3
+13 20
-1 11
+1 33

fl=(77)
fn=(260)
207 44
+14 4
-14 4
+16 4
-16 4
+16 4
+3 4
-1 4
+1 8
+19 8
+6 16
-34 6
+38 6
+7 12
fi=(5)
72 8
+6 4
+4 3
+6 1
+10 2
+20 2
+5 4
-2 2
fi=(4)
-41 1
fe=(77)
301 2
fi=(4)
80 2
fe=(77)
301 2
fi=(4)
80 3
fe=(77)
301 6
fi=(4)
80 6
fe=(77)
301 10289
fi=(4)
80 1
fe=(77)
301 1
fi=(4)
80 2
fe=(77)
301 151
186 4
+32 1
-32 1
+32 2
fi=(6)
49 1
fe=(77)
301 1
fi=(6)
50 1
-1 2
+4 1
-3 1
+3 1
-3 1
+3 4
+27 3
fe=(77)
301 3
186 12
+32 3
-32 3
+32 6
fi=(6)
49 3
fe=(77)
301 3
fi=(6)
50 3
-1 6
+4 3
-3 3
+3 3
-3 3
+3 12
+27 9
-31 4
fe=(77)
301 4
fi=(6)
50 4
-1 8
+4 4
-3 4
+3 4
-3 4
+3 16
+27 12
-7 1
-1 1
+11 7
fi=(5)
498 30
+4 30
+3 45
+1 15
fi=(6)
83 45
+2 228
+2 126
-4 126
+13 5
+1 9
+1 84
fi=(5)
498 42
+34 84
+2 42
cob=(2)
cfi=(134) ./string/../sysdeps/x86_64/multiarch/rawmemchr.c
cfn=(418) rawmemchr
calls=1 31 
* 23
cob=(2)
cfi=(133) ./string/../sysdeps/x86_64/multiarch/strncase.c
cfn=(414) strncasecmp
calls=1 31 
* 21
cob=(2)
cfi=(132) ./string/../sysdeps/x86_64/multiarch/mempcpy.c
cfn=(410) mempcpy
calls=1 33 
* 22
cob=(2)
cfi=(131) ./wcsmbs/../sysdeps/x86_64/multiarch/wcpncpy.c
cfn=(406) wcpncpy
calls=1 31 
* 18
cob=(2)
cfi=(130) ./string/../sysdeps/x86_64/multiarch/strspn.c
cfn=(404) strspn
calls=1 29 
* 7
cob=(2)
cfi=(128) ./string/../sysdeps/x86_64/multiarch/memchr.c
cfn=(400) memchr
calls=1 29 
* 23
cob=(2)
cfi=(127) ./string/../sysdeps/x86_64/multiarch/memmove.c
cfn=(396) memmove
calls=1 29 
* 22
cob=(2)
cfi=(126) ./string/../sysdeps/x86_64/multiarch/stpcpy.c
cfn=(392) stpcpy
calls=1 33 
* 17
cob=(2)
cfi=(124) ./wcsmbs/../sysdeps/x86_64/multiarch/wmemcmp.c
cfn=(388) wmemcmp
calls=1 29 
* 24
cob=(2)
cfi=(123) ./string/../sysdeps/x86_64/multiarch/strncpy.c
cfn=(384) strncpy
calls=1 29 
* 19
cob=(2)
cfi=(122) ./string/../sysdeps/x86_64/multiarch/strlen.c
cfn=(380) strlen
calls=1 29 
* 25
cob=(2)
cfi=(121) ./wcsmbs/../sysdeps/x86_64/multiarch/wcscat.c
cfn=(376) wcscat
calls=1 31 
* 18
cob=(2)
cfi=(120) ./string/../sysdeps/x86_64/multiarch/strcasecmp_l.c
cfn=(372) strcasecmp_l
calls=1 31 
* 21
cob=(2)
cfi=(119) ./string/../sysdeps/x86_64/multiarch/strcpy.c
cfn=(368) strcpy
calls=1 29 
* 17
cob=(2)
cfi=(118) ./string/../sysdeps/x86_64/multiarch/strchrnul.c
cfn=(364) strchrnul
calls=1 31 
* 25
cob=(2)
cfi=(117) ./string/../sysdeps/x86_64/multiarch/memrchr.c
cfn=(360) memrchr
calls=1 29 
* 25
cob=(2)
cfi=(115) ./wcsmbs/../sysdeps/x86_64/multiarch/wmemset.c
cfn=(356) wmemset
calls=2 31 
* 20
cob=(2)
cfi=(113) ./string/../sysdeps/x86_64/multiarch/memcmp.c
cfn=(352) bcmp
calls=1 29 
* 24
cob=(2)
cfi=(112) ./string/../sysdeps/x86_64/multiarch/strncase_l.c
cfn=(348) strncasecmp_l
calls=1 31 
* 21
cob=(2)
cfi=(110) ./string/../sysdeps/x86_64/multiarch/strcat.c
cfn=(344) strcat
calls=1 29 
* 17
cob=(2)
cfi=(109) ./wcsmbs/../sysdeps/x86_64/multiarch/wcscpy.c
cfn=(342) wcscpy
calls=1 60 
* 16
cob=(2)
cfi=(108) ./string/../sysdeps/x86_64/multiarch/strcspn.c
cfn=(340) strcspn
calls=1 29 
* 7
cob=(2)
cfi=(106) ./string/../sysdeps/x86_64/multiarch/strcasecmp.c
cfn=(336) strcasecmp
calls=1 31 
* 21
cob=(2)
cfi=(105) ./string/../sysdeps/x86_64/multiarch/strncmp.c
cfn=(334) strncmp
calls=1 67 
* 21
cob=(2)
cfi=(103) ./wcsmbs/../sysdeps/x86_64/multiarch/wmemchr.c
cfn=(330) wmemchr
calls=2 31 
* 46
cob=(2)
cfi=(101) ./string/../sysdeps/x86_64/multiarch/stpncpy.c
cfn=(326) stpncpy
calls=1 31 
* 19
cob=(2)
cfi=(100) ./wcsmbs/../sysdeps/x86_64/multiarch/wcscmp.c
cfn=(322) wcscmp
calls=1 30 
* 25
cob=(2)
cfi=(99) ./string/../sysdeps/x86_64/multiarch/strrchr.c
cfn=(318) rindex
calls=1 28 
* 25
cob=(2)
cfi=(98) ./string/../sysdeps/x86_64/multiarch/strchr.c
cfn=(316) index
calls=1 65 
* 19
cob=(2)
cfi=(96) ./wcsmbs/../sysdeps/x86_64/multiarch/wcschr.c
cfn=(312) wcschr
calls=2 31 
* 50
cob=(2)
cfi=(94) ./string/../sysdeps/x86_64/multiarch/memcpy.c
cfn=(308) memcpy@@GLIBC_2.14
calls=1 29 
* 22
cob=(2)
cfi=(92) ./wcsmbs/../sysdeps/x86_64/multiarch/wcsncpy.c
cfn=(304) wcsncpy
calls=1 31 
* 18
cob=(2)
cfi=(91) ./wcsmbs/../sysdeps/x86_64/multiarch/wcslen.c
cfn=(300) wcslen
calls=1 29 
* 19
cob=(2)
cfi=(89) ./string/../sysdeps/x86_64/multiarch/memset.c
cfn=(296) memset
calls=1 29 
* 24
cob=(2)
cfi=(87) ./wcsmbs/../sysdeps/x86_64/multiarch/wcsnlen.c
cfn=(292) wcsnlen
calls=1 30 
* 19
cob=(2)
cfi=(86) ./string/../sysdeps/x86_64/multiarch/strcmp.c
cfn=(290) strcmp
calls=1 79 
* 19
cob=(2)
cfi=(85) ./string/../sysdeps/x86_64/multiarch/strpbrk.c
cfn=(288) strpbrk
calls=1 29 
* 7
cob=(2)
cfi=(83) ./string/../sysdeps/x86_64/multiarch/strnlen.c
cfn=(284) strnlen
calls=2 31 
* 50
-36 42
+37 42
fi=(6)
97 128
fe=(77)
301 32
fi=(6)
51 4
fi=(4)
+29 12
fe=(77)
304 24
+24 4
+3 8
+17 12
+2 32
-98 8
+3 2
+7 1
-9 1
+9 3
fi=(6)
114 21
+9 12
+1 2
fi=(5)
482 2
fi=(6)
124 2
fi=(5)
482 4
fi=(6)
124 4
fi=(5)
482 4
fi=(6)
124 4
fi=(5)
482 8
+5 12
+1 6
fi=(6)
123 6
fi=(5)
488 6
-5 6
fi=(6)
123 12
+3 21
+3 20
+2 15
-59 3
fe=(77)
182 3
fi=(6)
73 3
fe=(77)
182 12
fi=(6)
-49 6
+1 3
-1 3
+5 3
-5 6
+1 6
+1 6
+1 3
-2 3
+2 6
-1 3
+1 3
+2 6
-5 202
+1 101
-1 101
+5 101
-5 202
+1 202
+1 202
+1 101
-2 101
+2 202
-1 101
+1 101
+2 202
+9 102
fi=(5)
253 204
+7 204
+4 204
fe=(77)
-94 408
fi=(4)
-29 261
fe=(77)
+30 174
+3 501
+8 395
+4 158
-3 79
+1 79
+2 318
-3 1
+1 1
+2 84
+1 80
-1 80
+2 480
+2 480
cfi=(78)
cfn=(268)
calls=80 756 
* 43398
+3 80
+1 160
-4 80
+4 400
fi=(5)
+79 345
+3 84
-3 267
+3 99
-3 99
+3 198
+1 198
+1 201
+25 610
407 24
fi=(6)
150 24
fi=(5)
407 154
fi=(6)
150 266
-19 416
+32 18
+1 16
+1 6
+3 4
+4 2
-1 2
-3 2
+2 4
+2 2
-2 12
fi=(5)
273 2
+3 2
-3 2
+4 4
461 2
-1 4
+1 4
+1 2
cfi=(15)
cfn=(448)
calls=1 71 
* 6
cob=(2)
cfi=(81) ./string/../sysdeps/x86/cacheinfo.c
cfn=(280) __x86_cacheinfo
calls=1 86 
* 28
fi=(6)
164 2
fi=(5)
463 2
fi=(6)
164 10
-13 27
fi=(5)
384 48
+2 64
+4 16
+9 16
-9 32
+9 16
fi=(6)
150 32
fi=(5)
444 3
+5 2
-1 3
+1 2
-1 1
cfi=(30)
cfn=(84)
calls=1 210 
* 11
+2 5
+1 2
273 75
fi=(6)
140 10
+3 2
fi=(5)
273 10
fe=(77)
-98 21
+3 7
-1 7
+19 7
-18 14
fi=(5)
281 2
+1 3
+11 2
+7 1
cob=(2)
cfi=(122)
cfn=(380)
calls=1 29 
* 25
* 3
+3 2
fe=(77)
+53 20
+3 4
-3 4
+3 4
+4 8
+1 16
cfi=(135)
cfn=(422)
calls=4 117 
* 24
* 8
175 28
301 3
fi=(6)
179 2
73 2
179 9
+2 2
+1 2
-1 1
+3 1
-3 4
+3 2
-3 10
+1 10
-1 5
+3 5
-3 20
+3 10
+8 6
fi=(5)
+61 12
+7 12
+4 12
fe=(77)
-94 24
fi=(4)
-29 18
fe=(77)
+30 12
+3 36
+8 30
+4 12
-3 6
+1 6
+2 36
+4 30
-4 6
+4 12
cfi=(78)
cfn=(268)
calls=6 756 
* 2872
+3 6
+1 12
-4 6
+4 30
fi=(5)
+79 20
+3 2
-3 6
+3 2
-3 2
+3 4
+1 4
+1 4
+25 36
407 6
fi=(6)
195 18
-16 24
+30 6
fe=(77)

fl=(67)
fn=(480)
535 1
+1 4
-1 1
+3 2
cfi=(135)
cfn=(482)
calls=1 117 
* 6
+1 1
+4 1
+2 2

fn=(220) _dl_cache_libcmp
367 10
+1 10
+32 10
-33 20
+1 22
+2 48
+2 48
-2 96
+20 94
+2 94
-12 38
+2 38
+14 38
+1 38
-29 76
+32 3
-28 2
+8 1
-2 2
+1 2
-1 1
+2 3
+2 1
-3 1
+3 3
+2 2
+9 27

fn=(212)
413 10
+2 2
+3 3
+74 1
208 1
492 2
+3 3
fi=(69) ./elf/../sysdeps/x86/dl-procinfo.h
39 2
+3 3
cfi=(33)
cfn=(94)
calls=1 +56 
* 25
* 4
fe=(67)
211 6
cfi=(11)
cfn=(28)
calls=1 402 
* 21
+17 1
-17 1
+2 1
+15 2
-12 8
+14 1
+5 1
-5 4
+1 1
-37 2
+37 1
+4 2
-5 8
+5 8
-5 32
+1 8
-37 16
+37 8
+4 16
+4 27
cfn=(220)
calls=9 367 
* 654
+1 18
356 8
+3 4
228 8
357 4
228 17
+22 2
+3 2
+2 4
cfn=(220)
calls=1 367 
* 74
* 2
-7 2
-35 3
+1 1
+97 2
-98 2
+98 1
-98 1
+1 1
-1 3
+98 6
-44 2
+10 2
+1 3
fi=(68) ./elf/../sysdeps/generic/dl-cache.h
125 5
fe=(67)
294 2
+9 2
+3 2
+5 2
+1 6
+28 2
510 2
+12 2
cfi=(23)
cfn=(64)
calls=1 57 
* 35
+1 1
-1 1
+1 12
+1 1
-1 1
+1 1
-1 1
+1 1
cfi=(30)
cfn=(84)
calls=1 210 
* 11
* 1
+1 1
cfi=(45)
cfn=(138)
calls=1 40 
* 89
+1 8
421 4
cfi=(53)
cfn=(214)
calls=1 36 
* 89
* 1
+8 5
+1 8
+3 3
+1 1
-1 3
fi=(68)
194 1
+1 5
fe=(67)
441 1
+1 2

fl=(45)
fn=(138)
40 15
+1 3
cfi=(23)
cfn=(64)
calls=3 +16 
* 87
* 3
fi=(219) ./string/../include/rtld-malloc.h
+15 6
cfi=(28)
cfn=(80)
calls=3 -21 
* 75
fe=(45)
-12 6
+4 3
-1 9
+1 6
-1 3
cfi=(30)
cfn=(84)
calls=3 210 
* 41

fl=(51)
fn=(158)
254 10
+2 2
cfn=(160)
calls=1 -52 
* 2595
+1 2
+1 1
+1 1
-1 1
+1 1
+2 5

fn=(160)
204 9
58 3
204 9
+3 6
+22 3
-1 3
+1 3
58 6
235 9
cfi=(52)
cfn=(162)
calls=3 31 
* 72
* 9
+2 9
cfi=(65)
cfn=(206)
calls=2 61 
* 5202
cfi=(2)
cfn=(164)
calls=1 645 
* 2531
69 3
+1 3
-1 3
+1 3
239 12
-25 3
+34 9
59 6
+11 9

fn=(234)
186 6
58 1
188 1
58 1
+1 1
+11 1
192 1
+2 1
cfi=(2)
cfn=(236)
calls=1 678 
* 3849
69 2
+1 1
197 1
+1 4

ob=(2)
fl=(122)
fn=(380)
29 2
fi=(84) ./string/../sysdeps/x86_64/multiarch/ifunc-avx2.h
+11 10
-2 4
fe=(122)
-9 4
fi=(84)
+12 4
+1 6
+3 4
+4 6
+3 10
fe=(122)

fl=(151) ./nptl/../sysdeps/unix/sysv/linux/x86/elision-conf.c
fn=(474) __lll_elision_init
96 2
+5 1
-5 1
+5 1
-5 3
+5 3
cob=(3)
cfi=(148)
cfn=(462)
calls=1 0 
* 22
+2 4
cob=(3)
cfi=(148)
cfn=(462)
calls=1 0 
* 22
+2 4
cob=(3)
cfi=(148)
cfn=(462)
calls=1 0 
* 22
+2 4
cob=(3)
cfi=(148)
cfn=(462)
calls=1 0 
* 22
+2 4
cob=(3)
cfi=(148)
cfn=(462)
calls=1 0 
* 22
+4 3
+1 1
+1 6

fl=(159)
fn=(514)
242 12
+69 3
+1 3
cfi=(160) ./stdlib/./stdlib/cxa_atexit.c
cfn=(516) __cxa_atexit
calls=1 67 
* 70
+25 6
+6 2
-3 2
+10 2
cob=(3)
cfi=(148)
cfn=(530)
calls=1 0 
* 788
+2 2
+8 4
cfi=(161) ./csu/../sysdeps/nptl/libc_start_call_main.h
cfn=(536) (below main)
calls=1 29 
* 15320237039
128 2
+6 3
+1 6
cob=(3)
cfi=(148)
cfn=(520)
calls=1 0 
* 7
+3 1
+1 2
+3 2
+1 2
-1 1
+2 7
+1 4
cob=(5)
cfi=(158)
cfn=(524)
calls=1 0 
* 12
-1 4

fl=(91)
fn=(300)
29 1
fi=(88) ./wcsmbs/../sysdeps/x86_64/multiarch/ifunc-wcslen.h
+12 4
-1 2
+2 3
+3 2
+4 3
+3 3
fe=(91)
-23 1

fl=(128)
fn=(400)
29 1
fi=(129) ./string/../sysdeps/x86_64/multiarch/ifunc-evex.h
+9 5
-1 2
+2 3
+6 2
-3 2
+9 3
+3 4
fe=(128)
-25 1

fl=(208)
fn=(756)
367 1
51 3
+1 2
367 1
57 2
+8 1
-3 1
-23 1
+1 4
+1 1
+29 1
+2 1
369 2
74 2
+6 4
+4 3
+3 3

fl=(166)
fn=(550)
32 3227298
+5 2151532
+2 1075766
+8 4840947
+4 537883
+1 537883
+1 1075766
-1 537883
+1 2151532
-2 537883
+2 537883
cfi=(167) ./libio/./libio/iogetline.c
cfn=(552) _IO_getline
calls=537883 -20 
* 70788799
* 537883
+4 537883
-1 1613649
+7 2
fi=(182) ./libio/./libio/libioP.h
884 2
+1 4303064
fe=(166)
66 3765181
-10 1075764
+4 537882
+3 2151528
fi=(182)
884 1613646
fe=(166)
47 2689415

fl=(203) ./misc/../sysdeps/unix/sysv/linux/mmap64.c
fn=(744) mmap
47 744
+3 744
+8 1488
+2 372

fl=(176) ./malloc/./malloc/morecore.c
fn=(590) __glibc_morecore
25 435
+1 870
-1 435
+4 435
cfi=(177) ./misc/./misc/sbrk.c
cfn=(592) sbrk
calls=435 +8 
* 15904
+1 870
+4 126
-7 372
+7 744

fl=(202) ./io/../sysdeps/unix/sysv/linux/write.c
fn=(732) write
25 1197
+1 7182
+1 1197

fl=(121)
fn=(376)
31 1
fi=(93) ./wcsmbs/../sysdeps/x86_64/multiarch/ifunc-wcs.h
+9 5
-1 2
+2 3
+3 2
+4 4
fe=(121)
-17 1

fl=(132)
fn=(410)
33 1
fi=(95) ./string/../sysdeps/x86_64/multiarch/ifunc-memmove.h
+24 3
-1 2
+4 3
+14 2
+3 2
+8 2
+8 2
+3 5
fe=(132)

fl=(96)
fn=(312)
31 2
fi=(97) ./wcsmbs/../sysdeps/x86_64/multiarch/ifunc-avx2.h
+9 10
-2 4
fe=(96)
-7 4
fi=(97)
+10 4
+1 6
+3 4
+4 6
+3 10
fe=(96)

fl=(131)
fn=(406)
31 1
fi=(93)
+9 5
-1 2
+2 3
+3 2
+4 4
fe=(131)
-17 1

fl=(144) ./ctype/./ctype/ctype-info.c
fn=(454) __ctype_init
29 1
+2 7
+2 4
+2 4
+1 1

fl=(147) ./nptl/./nptl/pthread_mutex_conf.c
fn=(460) __pthread_tunables_init
50 2
+1 2
-1 4
+1 3
cob=(3)
cfi=(148)
cfn=(462)
calls=1 -51 
* 800
+2 4
cob=(3)
cfi=(148)
cfn=(462)
calls=1 -53 
* 23
+2 6

fl=(201)
fn=(680)
33 4302816
+2 537852
cob=(3)
cfi=(148)
cfn=(682)
calls=537852 -35 
* 8605632
+1 537852
-1 537852
+1 1613556
-3 537852
+6 1613557
+1 1
fi=(182)
939 3
+2 2
+1 2
fe=(201)
40 537851
fi=(182)
939 1613553
+2 1075702
+1 1075702
fe=(201)
40 1613556
cfi=(169) ./libio/./libio/fileops.c
cfn=(684) _IO_file_xsputn@@GLIBC_2.2.5
calls=537852 1197 
* 33052797
* 1075704
+1 3764526
+1 2150824
fi=(182)
884 1075412
fe=(201)
42 584
fi=(182)
884 292
+1 4302816
fe=(201)
46 3764964
-10 2689260
+2 1075702
-2 2689260
+5 292
cfi=(168) ./libio/./libio/genops.c
cfn=(734) __overflow
calls=146 199 
* 24382
* 292

fl=(85)
fn=(288)
29 1
fi=(220) ./string/../sysdeps/x86_64/multiarch/ifunc-sse4_2.h
+7 5
fe=(85)
-7 1

fl=(164) ./setjmp/./setjmp/sigjmp.c
fn=(542) __sigjmp_save
28 3
+2 2
-1 1
+5 3

fl=(174) ./malloc/./malloc/arena.c
fn=(578) ptmalloc_init.part.0
308 1
fi=(175) ./malloc/../sysdeps/unix/sysv/linux/not-cancel.h
89 3
fe=(174)
308 5
+5 1
fi=(175)
89 3
fi=(173)
3138 2
fe=(174)
338 2
+4 3
fi=(173)
1942 4
+3 1
-3 1
+3 2
-3 2
+3 126
-3 126
+3 252
-3 252
+11 1
fe=(174)
347 3
fi=(173)
1954 1
+2 1
fe=(174)
347 1
cob=(3)
cfi=(148)
cfn=(462)
calls=1 0 
* 23
+1 4
cob=(3)
cfi=(148)
cfn=(462)
calls=1 0 
* 22
+1 4
cob=(3)
cfi=(148)
cfn=(462)
calls=1 0 
* 23
+1 4
cob=(3)
cfi=(148)
cfn=(462)
calls=1 0 
* 23
+1 4
cob=(3)
cfi=(148)
cfn=(462)
calls=1 0 
* 22
+1 4
cob=(3)
cfi=(148)
cfn=(462)
calls=1 0 
* 23
+1 4
cob=(3)
cfi=(148)
cfn=(462)
calls=1 0 
* 23
+2 4
cob=(3)
cfi=(148)
cfn=(462)
calls=1 0 
* 23
+1 4
cob=(3)
cfi=(148)
cfn=(462)
calls=1 0 
* 23
+1 4
cob=(3)
cfi=(148)
cfn=(462)
calls=1 0 
* 23
+3 4
cob=(3)
cfi=(148)
cfn=(462)
calls=1 0 
* 23
+1 4
cob=(3)
cfi=(148)
cfn=(462)
calls=1 0 
* 23
+1 2
+68 7

fl=(160)
fn=(516)
67 6
-26 2
+2 8
+1 2
cfn=(518) __new_exitfn
calls=1 +36 
* 32
+2 2
+8 1
-2 1
+3 1
+1 1
-4 2
+1 1
+4 4
+1 1
+11 6

fn=(518)
80 1
+6 2
-6 4
+11 1
-10 1
+10 4
+2 4
-2 1
+10 1
-10 3
+45 1
+5 1
-4 1
+4 4
-18 1
-1 1
+12 1

fl=(204) ./stdlib/./stdlib/exit.c
fn=(748) __run_exit_handlers
38 11
+5 2
+3 5
+11 1
+2 2
+38 2
-30 6
+2 1
+1 1
-1 1
+3 7
+44 3
+13 1
-66 1
+66 3
+2 2
+3 2
cfi=(213) ./posix/../sysdeps/unix/sysv/linux/_exit.c
cfn=(816) _Exit
calls=1 27 
* 4
-29 1
+1 1
-2 1
+3 1
+3 1
-3 2
+3 3
+1 3
cob=(1)
cfi=(206)
cfn=(752)
calls=1 -85 
* 961
+1 4
+10 2
+1 2
-79 1
cfi=(205) ./stdlib/./stdlib/cxa_thread_atexit_impl.c
cfn=(750) __call_tls_dtors
calls=1 148 
* 12
* 1
+88 1
cfi=(168)
cfn=(804) _IO_cleanup
calls=1 863 
* 628
* 1

fn=(746) exit
140 3
+1 3
-1 1
+1 1
cfn=(748)
calls=1 38 
* 1681

fl=(123)
fn=(384)
29 1
fi=(102) ./string/../sysdeps/x86_64/multiarch/ifunc-strncpy.h
+6 5
+1 3
+3 2
+4 3
+3 4
fe=(123)
-17 1

fl=(188) ./stdlib/../stdlib/strtol.c
fn=(642) __strtoul_internal
97 4544184
+1 13632552
cfi=(189) ./stdlib/../stdlib/strtol_l.c
cfn=(644) ____strtoul_l_internal
calls=4544184 225 
* 1122922016

fl=(191)
fn=(652)
25 49986024
+4 4544184
+1 9088368
-1 4544184
+1 4544184
-1 4544184
+1 4544184
-1 13632552
+1 4544184
cfi=(192) ./libio/./libio/iovsprintf.c
cfn=(654) __vsprintf_internal
calls=4544184 +7 
* 2342655243
+4 22720920

fl=(210)
fn=(768)
30 4
+3 4
-3 14
+3 6
+3 8
+4 12
-4 6
+57 8
+4 12
-4 6
+11 4
+1 4
cfi=(211) ./posix/./posix/register-atfork.c
cfn=(770) __unregister_atfork
calls=2 -23 
* 32
+1 8
+1 16

fl=(99)
fn=(318)
28 1
fi=(84)
+12 5
-2 2
fe=(99)
-10 2
fi=(84)
+13 2
+1 3
+3 2
+4 3
+3 5
fe=(99)

fl=(155) ./misc/./misc/init-misc.c
fn=(502) __init_misc
30 1
+1 2
-1 4
+1 3
+2 3
cob=(3)
cfi=(148)
cfn=(504)
calls=1 -33 
* 24
+4 5
+1 3
+2 4

fl=(89)
fn=(296)
29 1
fi=(90) ./string/../sysdeps/x86_64/multiarch/ifunc-memset.h
+25 5
+3 3
+7 2
+9 2
+2 2
+10 2
+8 2
+3 5
fe=(89)

fl=(113)
fn=(352)
29 1
fi=(114) ./string/../sysdeps/x86_64/multiarch/ifunc-memcmp.h
+5 5
+1 2
+1 2
+1 3
+3 2
+4 3
+3 4
fe=(113)
-18 2

fl=(154)
fn=(500)
46 4
+5 2
+4 5
+8 1
-2 1
+10 1
-9 1
+1 1
+9 2
-1 1
cfi=(155)
cfn=(502)
calls=1 -41 
* 49

fl=(207)
fn=(754)
77 1
+3 3
+2 1
+2 2
-7 2
+11 2
+91 1
+3 1
+2 1
+3 1
-63 1
+66 3
-93 2
+11 4
+4 1
+3 2
-71 1
+1 7
+1 1
+84 3
+1 2

fl=(98)
fn=(316)
65 1
-22 2
+1 1
-1 2
-1 2
+2 2
+3 2
+4 3
+3 3
+11 1

fl=(161)
fn=(536)
29 4
+15 1
-15 5
+15 1
cfi=(162) ./setjmp/../sysdeps/x86_64/bsd-_setjmp.S
cfn=(538) _setjmp
calls=1 -16 
* 34
* 1
+2 2
+5 2
+1 2
+3 2
+3 6
cob=(5)
cfi=(165)
cfn=(544)
calls=1 641 
* 15320235288
+16 2
cfi=(204)
cfn=(746)
calls=1 +66 
* 1689

fl=(167)
fn=(552)
33 537883
+1 1075766
cfn=(554) _IO_getline_info
calls=537883 +15 
* 69175150

fn=(554)
49 7530362
+2 1075766
+2 1613649
+2 2151532
+28 549905
+2 2749525
cob=(3)
cfi=(148)
cfn=(604)
calls=549905 -85 
* 20321373
* 549905
+1 1099810
+14 36405
+3 12135
-3 12135
cob=(3)
cfi=(148)
cfn=(608)
calls=12135 0 
* 1011445
+2 12135
-1 12135
-46 24270
+2 1686477
+1 1124318
+2 24508
cfi=(168)
cfn=(556) __uflow
calls=12254 299 
* 1987015
+1 24508
+6 24506
+11 12141
-1 24282
-22 24283
+20 2
+32 8
-32 224
+32 896
-19 1075540
+1 1075540
-1 537770
+2 1613310
+2 537770
+2 1075540
+2 2688850
cob=(3)
cfi=(148)
cfn=(608)
calls=537770 -96 
* 10959029
+1 537770
+1 537770
-1 537770
+10 4302160
-44 2
+6 336
+1 336
-16 2

fl=(145) ./resource/../sysdeps/unix/sysv/linux/getrlimit64.c
fn=(456) getrlimit
38 2
+1 7
+1 1

fl=(124)
fn=(388)
29 1
fi=(125) ./wcsmbs/../sysdeps/x86_64/multiarch/ifunc-memcmp.h
+5 5
+1 2
+1 2
+1 3
+3 2
+4 3
+3 4
fe=(124)
-18 2

fl=(205)
fn=(750)
148 4
+1 4
+16 4

fl=(143)
fn=(452)
33 7
+2 1
cfi=(144)
cfn=(454)
calls=1 -6 
* 17
+3 1
fi=(146) ./elf/../sysdeps/nptl/pthread_early_init.h
-5 2
fe=(143)
+8 1
-3 1
+3 1
fi=(146)
-8 1
cfi=(145)
cfn=(456)
calls=1 +5 
* 10
* 3
+1 1
+4 5
+7 1
fi=(221) ./elf/../nptl/nptl-stack.h
+13 3
fi=(146)
-13 1
fi=(221)
+13 2
fi=(146)
-4 1
fi=(221)
+4 3
fi=(146)
-6 1
-6 1
+6 6
+1 1
+4 1
cfi=(147)
cfn=(460)
calls=1 -7 
* 844
fe=(143)
-10 3
+2 2
-2 1
cfi=(151)
cfn=(474)
calls=1 +49 
* 147

fl=(156)
fn=(506)
53 1
+1 1
+1 1
+2 1
+1 1
+4 1
+1 1
+1 1
+3 1
+2 1
+1 1
+1 1
+1 1
+3 1
+1 1
+2 1
+1 1
+1 1
+1 1
+1 1
+9 2

fl=(94)
fn=(308)
29 1
fi=(95)
+28 3
-1 2
+4 3
+14 2
+3 2
+8 2
+8 2
+3 5
fe=(94)

fl=(83)
fn=(284)
31 2
fi=(84)
+9 10
-2 4
fe=(83)
-7 4
fi=(84)
+10 4
+1 6
+3 4
+4 6
+3 10
fe=(83)

fl=(92)
fn=(304)
31 1
fi=(93)
+9 5
-1 2
+2 3
+3 2
+4 4
fe=(92)
-17 1

fl=(100)
fn=(322)
30 1
fi=(97)
+10 5
-2 2
fe=(100)
-8 2
fi=(97)
+11 2
+1 3
+3 2
+4 3
+3 5
fe=(100)

fl=(189)
fn=(644)
225 13632552
+54 4544184
-54 18176736
+19 4544184
-19 13632552
+14 4544184
-14 4544184
+26 9088368
+31 18176736
+9 9088368
-3 4544184
+3 13632552
+2 9088368
+5 9088368
-1 4544184
+6 9088368
+4 9088368
+10 9077000
+7 9088368
+3 18176736
-82 4544184
372 13632552
+1 13632552
+4 4544184
+56 22720920
+26 4544184
+1 4544184
-84 4544184
-1 4544184
+96 9088368
-5 74121056
+5 37060528
+1 111181584
-41 74121056
+2 148242112
+2 111181584
+28 111181584
+3 74121056
+11 9088368
+5 13632552
+1 4544184
+12 9088368
+11 22720920
+18 40897656
309 11368

fl=(194)
fn=(660)
53 9088368
+2 9088368
+1 9088368
+1 9088368
+1 9088368
+1 9088368
+3 9088368
+1 9088368
+4 9088368
+1 9088368
+1 9088368
+1 9088368
+1 9088368
+1 9088368
+1 9088368
+1 9088368
+13 9088368
+2 18176736

fl=(211)
fn=(770)
82 4
+1 2
-1 2
+1 6
fi=(212) ./posix/../malloc/dynarray-skeleton.c
243 2
fe=(211)
71 4
+38 8
+1 4

fl=(115)
fn=(356)
31 2
fi=(116) ./wcsmbs/../sysdeps/x86_64/multiarch/ifunc-wmemset.h
+5 10
+1 6
fe=(115)
-6 2

fl=(81)
fn=(280)
86 1
fi=(82) ./string/../sysdeps/x86/cacheinfo.h
-25 1
+3 3
+2 1
+1 1
-1 2
+7 3
+2 1
+1 1
-1 2
+5 2
+2 2
+1 2
+1 2
+2 2
fe=(81)
* 2

fl=(213)
fn=(816)
27 2
+3 2

fl=(109)
fn=(342)
60 1
-17 4
-1 2
+2 3
+2 2
+4 3
+10 1

fl=(126)
fn=(392)
33 1
fi=(111) ./string/../sysdeps/x86_64/multiarch/ifunc-strcpy.h
+5 2
+1 1
-1 2
+1 2
+3 2
+4 3
+3 3
fe=(126)
-16 1

fl=(134)
fn=(418)
31 1
fi=(129)
+7 5
-1 2
+2 3
+6 2
-3 2
+9 3
+3 4
fe=(134)
-23 1

fl=(180)
fn=(634)
61 4544184
+12 4544184
+1 4544184
+2 4544184
+1 4544184
+1 4544184
+1 4544184
+3 4535750
+1 4535750
+6 4535750
+1 4535750
+1 1091005
+1 1091005
+2 2182010
+27 82999
+1 82999
+1 82999
+1 165998
+9 176635
+1 176635
+1 176635
+1 353270
+4 170531
+1 170531
+1 170531
+1 341062
+5 179952
+1 179952
+1 179952
+1 359904
+20 3444745
+4 3444745
+1 3444745
+6 3444745
+1 3444745
-8 8434
+1 8434
+6 8434
+1 8434
+2 3370180
+1 3370180
+1 3370180
+1 3370180
+2 3193545
+1 3193545
+1 3193545
+1 3193545
+2 3023014
+1 3023014
+1 3023014
+1 3023014
+19 2843062
+1 5686124
+6 2843062
+1 2843062
+1 2843062
+1 2843062
+1 2843062
+1 2843062
+1 2843062
+2 2843062
+2 2843062
+1 2843062
+1 2843062
-12 23328237
+1 23328237
+1 23328237
+1 23328237
+1 23328237
+1 23328237
+1 23328237
+2 23328237
+2 23328237
+1 23328237
+1 23328237
+50 2843062
+1 2843062
+1 2843062
+2 2344793
+1 2344793
+1 2344793
+2 1881985
+2 1881985
+1 1881985
+1 1881985
+2 1881985
+4 1881985
+1 3763970
+22 498269
+2 498269
+4 498269
+1 996538
+4 462808
+2 462808
+4 462808
+1 925616
+67 8434
+3 8434
+1 8434
+1 8434
+11 8434
+6 8434
+1 8434

fn=(606)
61 549905
+7 549905
+2 549905
+3 549905
+1 549905
+2 549905
+1 549905
+1 549905
+1 549905
+3 545823
+1 545823
+3 545823
+1 545823
+2 541559
+1 541559
+1 168716
+1 168716
+2 337432
+7 4264
+5 4264
+7 4264
+1 4264
+1 69
+1 69
+5 303569
+1 303569
+1 303569
+1 607138
+4 4195
+1 4195
+4 4565
+1 4565
+1 4565
+1 9130
+4 377
+1 377
+1 377
+1 754
+5 413
+1 413
+1 413
+1 826
+10 376898
+1 376898
+1 376898
+2 376898
+10 376898
+1 376898
+3 376898
+1 376898
+2 365186
+1 365186
+2 61617
+1 61617
+1 61617
+1 61617
+2 57052
+1 57052
+1 57052
+1 57052
+2 56675
+1 56675
+1 56675
+1 56675
+4 56262
+1 56262
+3 54644
+1 54644
+1 54644
+1 54644
+5 109288
+10 54644
+1 54644
+1 54644
+1 54644
+1 54644
+1 54644
+1 54644
+2 54644
+6 54644
+1 54644
-15 189640
+1 189640
+1 189640
+1 189640
+1 189640
+1 189640
+1 189640
+2 189640
+6 189640
+1 189640
+2 195159
+2 195159
+1 195159
+4 5519
+1 11038
+8 5519
+1 5519
-1 11712
+1 11712
+3 6703
+1 6703
+4 6386
+1 6386
+3 816
+1 816
+1 816
+1 816
+1 816
+1 30
+1 30
+2 11200
+8 49125
+1 49125
+1 49125
+2 37102
+1 37102
+1 37102
+2 25031
+2 25031
+1 25031
+1 25031
+4 25031
+2 25031
+1 50062
+5 10534
+2 10534
+2 10534
+1 10534
+1 10534
+1 10534
+1 21068
+3 786
+1 1572
+5 12023
+4 12023
+2 12023
+1 24046
+4 12327
+4 12327
+2 12327
+1 24654
+5 1618
+1 1618
+5 1618
+2 1618
+1 1618
+3 1612
+1 2415
+3 803
+1 803
+1 803
+1 803
-3 1126
+1 1126
+1 1126
+1 1126
+2 1673
+1 1673
+3 1673
+1 1673
+3 1673
+1 1673
+4 1584
+1 1584
+2 759
+1 759
+2 759
+1 759
+1 759
+5 3168
+4 89
+1 89
+1 89
+1 178
+8 4082
+3 4082
+1 4082
+1 4082
+3 4082
+1 4082
+7 4082
+3 4082
+1 4082
+2 4082
+1 4082
+1 27
+1 27
+1 54

fl=(162)
fn=(538)
28 1
+2 1
+2 1
cfi=(163) ./setjmp/../sysdeps/x86_64/setjmp.S
cfn=(540) __sigsetjmp
calls=1 -1 
* 31

fl=(157)
fn=(508)
78 1
+1 4
+1 3
+1 3
+2 1

fl=(170) ./libio/./libio/filedoalloc.c
fn=(564) _IO_file_doallocate
78 18
+6 8
fi=(182)
939 6
+2 4
+1 4
fe=(170)
84 6
cfi=(169)
cfn=(566) _IO_file_stat
calls=2 1146 
* 36
* 4
+2 8
+11 8
+4 4
cob=(3)
cfi=(148)
cfn=(572)
calls=2 0 
* 1886
* 2
+1 4
+2 8
cfi=(168)
cfn=(596) _IO_setb
calls=2 329 
* 56
+1 2
+1 16

fl=(169)
fn=(566)
1146 2
+1 4
cfi=(171) ./io/../sysdeps/unix/sysv/linux/fstat64.c
cfn=(568) fstat
calls=2 29 
* 30

fn=(688) _IO_do_write@@GLIBC_2.2.5
423 1198
+2 3594
+1 1
-3 1197
fi=(182)
939 1197
fe=(169)
423 2394
fi=(182)
939 1197
fe=(169)
423 1197
fi=(182)
939 2394
fe=(169)
423 5985
+20 1197
-10 2394
+7 4788
fi=(182)
941 2394
+1 2394
fe=(169)
448 4788
cfn=(730) _IO_file_write@@GLIBC_2.2.5
calls=1197 1173 
* 53865
* 1197
+1 3591
+2 1197
+4 2394
-3 2394
-1 2394
+4 3591
-30 1197
+28 1197
-28 3591
+1 9576
+28 3591

fn=(600) _IO_file_read
1130 12254
+1 12254
+2 12254
-1 12254
+1 24508
cfi=(179) ./io/../sysdeps/unix/sysv/linux/read.c
cfn=(602) read
calls=12254 25 
* 98032

fn=(560) _IO_file_underflow@@GLIBC_2.2.5
461 12254
+4 36762
-4 98032
+7 24508
+6 36762
+3 24508
+12 24506
+9 24508
fi=(182)
939 12254
+2 12254
-2 12254
fe=(169)
505 24508
cfi=(168)
cfn=(598) _IO_switch_to_get_mode
calls=12254 164 
* 306350
+6 12254
+5 12254
-5 12254
fi=(182)
941 24508
fe=(169)
511 12254
fi=(182)
941 12254
fe=(169)
511 36762
fi=(182)
942 24508
fe=(169)
516 49016
cfn=(600)
calls=12254 1130 
* 171556
+2 24508
+16 12253
-9 12253
+9 24506
+2 24506
+1 98032
-6 1
-10 7
-55 2
+14 3
+5 2
cfi=(168)
cfn=(562) _IO_doallocbuf
calls=1 343 
* 1860
+4 4

fn=(686) _IO_file_overflow@@GLIBC_2.2.5
731 4792
+1 1198
-1 1198
+1 3594
+7 5988
+37 1197
-2 2394
+3 292
+3 438
+1 438
+1 292
+4 146
+1 584
-45 2
+12 2
+9 3
+5 3
+2 2
-5 1
+5 1
+1 1
-5 1
+1 1
+4 2
-7 1
+10 2
+1 1052
+1 1052
+11 3156
-12 1052
cfn=(688)
calls=1052 423 
* 112462
-4 2
+7 438
+2 292
-2 438
cfn=(688)
calls=146 423 
* 15622
* 292
-34 2
cfi=(168)
cfn=(562)
calls=1 343 
* 272
+1 1
+9 1
-9 5

fn=(814) _IO_file_sync@@GLIBC_2.2.5
792 10
+5 8
+2 2
+1 4
+11 4
+4 8

fn=(684)
1197 3227112
+7 537852
-7 1075704
+6 2151408
+9 1075704
-2 2151408
+17 1613556
+1 1075442
+5 537721
+4 537721
-2 1613163
+2 537721
-1 537721
-1 537721
cob=(3)
cfi=(148)
cfn=(702)
calls=537721 0 
* 9144040
+4 537721
-4 537721
+4 537721
+28 4840668
-68 131
+44 131
fi=(182)
939 393
+2 262
+1 262
fe=(169)
1243 920
fi=(182)
939 2760
+2 1840
+1 1840
fe=(169)
1243 3153
cfn=(686)
calls=1051 731 
* 136828
* 2102
+6 2102
+1 5255
+2 3153
+11 2102
+1 4204
cfi=(168)
cfn=(690) _IO_default_xsputn
calls=1051 371 
* 74381
+2 3153

fn=(730)
1173 8379
+2 4788
-1 2394
+6 1197
cfi=(202)
cfn=(732)
calls=1197 25 
* 9576
+1 2394
+5 1197
+1 1197
-12 2394
+4 3591
+1 2394
+10 3591
+3 7182
-4 3591

fn=(810) _IO_file_setbuf@@GLIBC_2.2.5
381 6
+1 2
cfi=(168)
cfn=(812) _IO_default_setbuf
calls=2 +70 
* 134
* 4
+3 2
+4 4
-2 6
+3 4

fl=(193) ./stdio-common/./stdio-common/vfprintf-internal.c
fn=(656) __printf_buffer
594 49986024
fi=(222) ./stdio-common/./stdio-common/printf-parse.h
82 4544184
fe=(193)
594 9088368
fi=(222)
82 4544184
fe=(193)
594 4544184
+27 13632552
+11 4544184
-11 4544184
+11 4544184
-11 4544184
+11 9088368
fi=(222)
82 4544184
cob=(3)
cfi=(148)
cfn=(658)
calls=4544184 -82 
* 95427864
fe=(193)
648 4544184
-1 4544184
+1 4544184
fi=(222)
82 9088368
fe=(193)
648 4544184
-1 4544184
cfi=(195) ./stdio-common/./stdio-common/Xprintf_buffer_write.c
cfn=(662) __printf_buffer_write
calls=4544184 27 
* 81795312
+2 13632552
+4 9088368
+4 36353472
917 4544184
625 4544184
917 4544184
636 4544184
917 4544184
628 9088368
+71 18176736
988 49986024
699 9088368
-7 4544184
-8 4544184
+15 4544184
-6 4544184
+6 4544184
-12 4544184
+12 4544184
-10 4544184
-3 4544184
-1 4544184
+14 9088368
-11 4544184
-7 4544184
+18 9088368
-19 4544184
-1 4544184
+20 4544184
-21 4544184
-1 9088368
968 4544184
fi=(222)
82 4544184
fe=(193)
962 4544184
fi=(222)
82 9088368
cob=(3)
cfi=(148)
cfn=(658)
calls=4544184 -82 
* 95427864
fe=(193)
972 9088368
+1 4544184
fi=(222)
82 4544184
fe=(193)
973 4544184
-1 4544184
cfi=(195)
cfn=(662)
calls=4544184 27 
* 81795312
+3 9088368
fi=(196) ./stdio-common/./stdio-common/vfprintf-process-arg.c
155 45441840
cfi=(197) ./stdio-common/./stdio-common/_itoa.c
cfn=(666) _itoa_word
calls=4544184 +8 
* 577921784
+40 13632552
-29 4544184
-11 4544184
+40 13632552
-34 22720920
+13 4544184
+2 4544184
+10 27265104
+1 5684
+10 5684
+4 5684
-4 4549868
+4 4538500
-4 9077000
+2 13632552
+2 9088368
+7 4544184
-2 9088368
+2 13632552
+3 9088368
+13 9088368
fi=(198) ./stdio-common/../include/printf_buffer.h
-61 9088368
fi=(196)
+70 9088368
+3 9088368
fe=(193)
778 4544184
fi=(196)
126 9088368
+75 4544184
93 4544184
-1 4544184
+2 4544184
201 9088368
-65 13632552
+2 13632552
-10 9088368
-55 4544184
+88 4544184
-95 4544184
+95 9088368
-94 4544184
187 27231000
+53 18176736
cfi=(195)
cfn=(662)
calls=4544184 27 
* 237916055
* 4544184
130 9088368
+1 36353472
fi=(198)
+32 9088368
fe=(193)

fl=(119)
fn=(368)
29 1
fi=(111)
+9 2
+1 1
-1 2
+1 2
+3 2
+4 3
+3 3
fe=(119)
-20 1

fl=(181)
fn=(704)
242 537721
+1 537721
+1 537721
+1 537721
+17 537721
+1 537721
+42 537721
+1 537721
+2 537721
+1 537721
+2 918
+4 918
+1 399
+1 399
+1 399
+1 399
+1 274
+1 274
+2 274
+2 274
-2 125
+2 125
+6 519
+1 519
+1 519
+1 519
+1 519
+29 536803
+1 536803
+1 536803
+1 536803
+1 536803

fn=(610)
255 5094089
+1 5094089
+6 5094089
+1 5094089
+2 495559
+1 495559
+1 495559
+3 436896
+1 436896
+1 436896
+3 873792
+30 4598530
+1 4598530
+2 4548157
+1 4548157
+2 732437
+4 732437
+1 56960
+1 56960
+1 56960
+1 56960
+1 51033
+1 51033
+2 51033
+2 51033
-2 5927
+2 5927
+6 675477
+1 675477
+1 675477
+1 675477
+1 675477
+7 50373
+1 50373
+1 50373
+1 50373
+2 50373
+17 3815720
+1 3815720
+1 3815720
+1 3815720
+1 3815720
+7 1632
+1 1632
+1 1632
+1 1632
+1 1632
+1 1632
+1 3264
+5 58663
+1 58663
+5 58663
+1 58663
+2 4824
+1 4824
+1 4824
+2 3192
+1 3192
+1 3192
+1 3192
+1 3192
+1 3192
+1 3192
+1 3192
+1 3192
+1 3192
+1 3192
+1 3192
+1 3192
+1 3192
+1 6384
+4 53839
+1 53839
+4 53839
+2 53839
+4 53839
+1 53839
+11 53839
+3 53839
+2 53839
+2 53839
+4 53839
+1 53839
+9 50367
+1 50367
+2 50367
+2 50367
+1 50367
+1 50367
+3 50367
+2 50367
+2 50367
+2 100734
+6 50367
+1 50367
+1 50367
+1 50367
+1 50367
+1 50367
+1 50367
+1 50367
+1 50367
+1 50367
+1 50367
+1 50367
-11 158874
+1 158874
+1 158874
+1 158874
+1 158874
+1 158874
+1 158874
+1 158874
+1 158874
+1 158874
+1 158874
+1 158874
+2 50367
+1 50367
+1 50367
+1 50367
+2 50367
+4 100734
+13 3472
+1 3472
+2 3472
+1 3472
+1 3472
+2 3472
+2 3472
+2 6944
+6 3472
+1 3472
+1 3472
+1 3472
+1 3472
+1 3472
+1 3472
+1 3472
+1 3472
+1 3472
+1 3472
+1 3472
-11 11006
+1 11006
+1 11006
+1 11006
+1 11006
+1 11006
+1 11006
+1 11006
+1 11006
+1 11006
+1 11006
+1 11006
+2 3472
+1 3472
+1 3472
+1 3472
+2 3472
+1 6944

fl=(86)
fn=(290)
79 1
-31 2
+1 1
-1 2
-1 2
+2 2
+3 2
+4 3
+3 3
+20 1

fl=(101)
fn=(326)
31 1
fi=(102)
+4 5
+1 3
+3 2
+4 3
+3 4
fe=(101)
-15 1

fl=(127)
fn=(396)
29 1
fi=(95)
+28 3
-1 2
+4 3
+14 2
+3 2
+8 2
+8 2
+3 5
fe=(127)

fl=(117)
fn=(360)
29 1
fi=(84)
+11 5
-2 2
fe=(117)
-9 2
fi=(84)
+12 2
+1 3
+3 2
+4 3
+3 5
fe=(117)

fl=(200)
fn=(674)
52 5082036
+13 5082036
+1 5082036
+1 5082036
+3 5082036
+2 5082036
+1 5082036
+3 5082036
+1 5082036
+8 5082036
+1 5082036
+1 5082036
+5 10164072

fl=(199) ./stdio-common/./stdio-common/Xprintf_buffer_done.c
fn=(670) __printf_buffer_done
25 4544184
+1 13632552
+5 9088368
+2 54530208
+7 4544184

fl=(110)
fn=(344)
29 1
fi=(111)
+9 2
+1 1
-1 2
+1 2
+3 2
+4 3
+3 3
fe=(110)
-20 1

fl=(177)
fn=(592)
37 870
+3 435
+3 435
-6 1305
+3 435
+3 435
+35 5
-20 870
+1 2
cfi=(178) ./misc/../sysdeps/unix/sysv/linux/brk.c
cfn=(594) brk
calls=1 -23 
* 9
* 2
+4 1
-1 870
+4 1736
-16 372
+28 1860
-4 434
cfi=(178)
cfn=(594)
calls=434 -38 
* 4650
* 868
+4 310

fl=(103)
fn=(330)
31 2
fi=(104) ./wcsmbs/../sysdeps/x86_64/multiarch/ifunc-evex.h
+7 10
-1 4
+2 6
+6 4
-3 4
+9 6
+3 8
fe=(103)
-23 2

fl=(187) ./nptl/./nptl/libc-cleanup.c
fn=(638) __libc_cleanup_push_defer
24 4544186
+1 4544186
+2 9088372
+2 9088372
+3 9088372
+14 13632558
+2 4544186
+1 4544186

fn=(646) __libc_cleanup_pop_restore
54 4544186
+1 4544186
+2 9088372
+2 4544186
+1 13632558
+11 4544186

fl=(118)
fn=(364)
31 1
fi=(84)
+9 5
-2 2
fe=(118)
-7 2
fi=(84)
+10 2
+1 3
+3 2
+4 3
+3 5
fe=(118)

fl=(108)
fn=(340)
29 1
fi=(220)
+7 5
fe=(108)
-7 1

fl=(179)
fn=(602)
25 12254
+1 73524
+1 12254

fl=(195)
fn=(662)
27 13632552
+1 40897656
-1 81795312
+4 36353472
+2 9088368
+3 4544184
+3 18176736
+2 4544184
-2 4544184
cob=(3)
cfi=(148)
cfn=(608)
calls=4544184 -39 
* 69781247
+1 13632552
-9 9088368
+2 13632552
+11 81795312

fl=(130)
fn=(404)
29 1
fi=(220)
+7 5
fe=(130)
-7 1

fl=(185) ./libio/./libio/strops.c
fn=(630) _IO_str_init_static_internal
36 40897656
+4 9088368
+1 13632552
cob=(3)
cfi=(148)
cfn=(632)
calls=4544184 -41 
* 453957021
* 4544184
+5 22720920
cfi=(168)
cfn=(596)
calls=4544184 329 
* 127237152
+5 13632552
-3 4544184
+1 4544184
+1 4544184
+3 4544184
+1 4544184
+1 4544184
+9 4544184
+1 27265104
-14 18176736

fl=(197)
fn=(666)
163 4544184
+3 13632552
-3 4544184
+3 4544184
+2 9088368
+9 4544184
-9 9088368
+9 518847392
+9 9088368

fl=(183)
fn=(622)
24 59074392
fi=(184) ./stdio-common/../libio/strfile.h
+66 18176736
fe=(183)
-66 13632552
fi=(184)
+66 9088368
-1 4544184
+1 4544184
cfi=(168)
cfn=(626) _IO_no_init
calls=4544184 563 
* 209032464
+1 4544184
+1 18176736
-1 4544184
+1 4544184
cfi=(185)
cfn=(630)
calls=4544184 -56 
* 762961533
fe=(183)
-61 13632552
-1 4544184
+1 4544184
-1 22720920
+1 4544184
cfi=(186) ./stdio-common/./stdio-common/vfscanf-internal.c
cfn=(636) __vfscanf_internal
calls=4544184 278 
* 4184911216
+4 36353472

fl=(106)
fn=(336)
31 1
fi=(107) ./string/../sysdeps/x86_64/multiarch/ifunc-strcasecmp.h
+6 4
-1 2
fe=(106)
-5 2
fi=(107)
+7 3
+3 2
+4 3
+3 4
fe=(106)

fl=(163)
fn=(540)
31 1
+2 1
+9 1
+1 2
+1 1
+4 1
+1 1
+1 1
+1 1
+1 1
+2 2
+2 1
+1 1
+1 1
+2 2
+2 1
+5 1
+1 1
+17 1
cfi=(164)
cfn=(542)
calls=1 -57 
* 9

fl=(87)
fn=(292)
30 1
fi=(88)
+11 4
-1 2
+2 3
+3 2
+4 3
+3 3
fe=(87)
-22 1

fl=(168)
fn=(596)
329 45441860
+1 18176744
+5 9088372
-3 4544186
+3 9088372
-2 4544186
+2 9088372
+3 27265116

fn=(690)
371 10510
+3 2102
fi=(182)
939 7357
fe=(168)
389 2102
+8 1051
+2 2102
-20 4204
+2 3153
+3 2102
-9 1051
+29 8408
-11 3591
-4 438
+5 7434
-1 11151
+1 4546
-1 50
+1 20
-1 20
+1 12
-1 12
+1 6
-1 6
-4 1810
+5 584
-1 559

fn=(812)
452 4
fi=(182)
939 2
fe=(168)
452 8
fi=(182)
939 2
fe=(168)
452 2
fi=(182)
939 2
fe=(168)
452 4
+1 2
fi=(182)
941 4
+1 4
fe=(168)
453 4
cfi=(169)
cfn=(814)
calls=2 792 
* 36
* 4
+4 2
330 2
462 2
-7 4
332 2
466 2
337 2
-4 2
+4 2
467 2
-1 6
+2 12
-11 2
+1 4
-1 2
330 8

fn=(562)
343 2
+1 4
-1 6
+3 8
+1 2
fi=(182)
939 6
+2 4
+1 4
fe=(168)
347 4
cfi=(170)
cfn=(564)
calls=2 78 
* 2080
* 4
+3 8

fn=(640) _IO_sputbackc
635 45441840
+3 27265104
+1 18176736
+9 9088368
+3 36353472
-10 18176736
+1 9088368
+5 9088368

fn=(734)
199 438
+2 438
+2 146
fi=(182)
939 438
+2 292
+1 292
fe=(168)
203 146
+1 292
-1 146
cfi=(169)
cfn=(686)
calls=146 731 
* 21754

fn=(806) _IO_flush_all_lockp
686 12
+5 6
cfi=(187)
cfn=(638)
calls=1 24 
* 13
+1 6
+5 1
-10 1
+11 2
+3 3
+5 1
fi=(182)
939 3
+2 2
+1 2
fe=(168)
706 3
cfi=(169)
cfn=(686)
calls=1 +25 
* 130
+1 3
+2 6
+2 3
-16 9
+6 2
-4 2
+4 15
+14 7
+1 2
cfi=(187)
cfn=(646)
calls=1 54 
* 9
+4 12
-28 2
-5 2
+8 1
-3 1
+3 2

fn=(598)
164 61270
+1 36762
+3 36762
+4 24508
+1 24508
+7 12254
-4 12254
+4 12254
-2 24508
+3 12254
+1 49016

fn=(628) _IO_old_init
531 4544184
+3 4544184
-2 4544184
+2 4544184
+5 4544184
-7 4544184
+2 4544184
+10 4544184
-10 4544184
+16 4544184
-11 4544184
-5 4544184
+16 4544184
-16 4544184
+21 4544184
-16 22720920
+16 9088368
+3 4544184

fn=(558) _IO_default_uflow
361 24508
fi=(182)
939 24508
fe=(168)
361 12254
fi=(182)
939 12254
fe=(168)
361 24508
+1 12254
fi=(182)
941 24508
+1 24508
fe=(168)
362 24508
cfi=(169)
cfn=(560)
calls=12254 +99 
* 1215017
+1 24508
+2 49012
+1 49016

fn=(804)
863 2
+3 1
-3 9
-77 1
+80 1
cfn=(806)
calls=1 686 
* 263
-80 2
+80 1
-80 3
cfi=(187)
cfn=(638)
calls=1 24 
* 13
+1 6
fi=(182)
939 4
fe=(168)
838 3
-48 9
+9 9
+2 6
+6 24
+8 10
+4 2
-2 2
+3 2
-3 2
+2 4
+5 2
fi=(182)
941 4
+1 4
fe=(168)
824 8
cfi=(169)
cfn=(810)
calls=2 381 
* 162
+2 6
+4 10
+1 16
+11 7
+1 2
cfi=(187)
cfn=(646)
calls=1 54 
* 9
+35 12
-91 1
+3 2
-3 1
+3 3

fn=(556)
299 61270
+1 36762
+5 36762
+3 49016
+2 24508
+6 24508
+7 12254
fi=(182)
939 36762
+2 24508
+1 24508
fe=(168)
323 12254
+1 12254
-1 12254
+1 24508
-1 12254
cfn=(558)
calls=12254 +38 
* 1521363
-23 24508
+21 36762

fn=(626)
563 45441840
+1 4544184
cfn=(628)
calls=4544184 -33 
* 104516232
+1 4544184
+1 9088368
+21 4544184
+1 27265104
-2 9088368

fl=(178)
fn=(594)
36 435
fi=(223) ./misc/../sysdeps/unix/sysv/linux/brk_call.h
-12 870
fe=(178)
+13 870
+1 870
+6 63
+1 63
-5 744
+1 744

fl=(112)
fn=(348)
31 1
fi=(107)
+6 4
-1 2
fe=(112)
-5 2
fi=(107)
+7 3
+3 2
+4 3
+3 4
fe=(112)

fl=(120)
fn=(372)
31 1
fi=(107)
+6 4
-1 2
fe=(120)
-5 2
fi=(107)
+7 3
+3 2
+4 3
+3 4
fe=(120)

fl=(173)
fn=(586) _int_malloc
1320 112404
3756 449616
1339 56202
3756 56202
1339 168606
3797 112404
1788 56202
3824 112404
+63 112404
+62 281015
+1 168603
+20 56202
-1 56202
-1 56202
+1 112404
+1 224806
+4 56201
+6 224804
-6 1
+6 28302
-1 28298
+1 28298
+3 56596
+1 28298
+2 56596
-3 702
+1 351
+2 702
+1 85947
+2 28649
+1 114596
+2 114596
-10 28649
+12 57298
+1 57298
+2 57298
+11 57298
+31 28649
+1 28649
+4 57298
+29 1928
+8 1265
+1 915
+1 305
-1 305
+4 610
+5 5
-2 5
+2 15
+1 10
3890 1
+2 1
-2 1
+2 2
-61 3
4046 27685
+1 27685
-1 27685
+1 55370
-16 27685
+21 55370
1981 83055
4399 505818
4075 1318
+1 1977
+1 659
-1 659
+57 1318
+9 659
-9 1318
+9 659
-9 1318
+1 659
+1 659
+1 659
+1 659
+6 1318
-10 610
+9 305
-9 610
+9 305
-9 610
+1 305
+1 305
+1 305
+1 305
+6 610
3980 3505
4158 1226
+11 57034
+2 57032
+3 28516
-3 28516
+3 57032
+68 28517
+1 28517
+1 28517
-1 28517
+1 28517
+1 57034
+1 85551
+5 57628
+16 54
+2 108
-4 1312
+8 602
+3 1204
+2 297
+1 297
+1 297
-2 1188
-27 297
-99 2892
-71 592
+49 1500
4255 86442
+3 114060
-3 83739
+3 4
-3 2
4355 28212
+1 56424
+2 56424
+3 85070
+17 1302
3889 3
4104 25
+1 10
+6 10
+13 5
+1 10
-11 10
4285 610
+3 610
+2 305
+3 305
-3 610
+3 305
cfn=(726) unlink_chunk.constprop.0
calls=305 1602 
* 9715
+3 915
+15 610
-5 305
+5 610
+1 610
+3 305
+1 305
+1 305
+3 610
+2 610
+2 18
+3 72
+2 27
+1 9
1981 9
4333 9
1981 18
4327 2368
+2 888
+1 296
1981 296
4333 296
1981 592
4255 602
+5 2408
+1 1204
4393 1302
cfn=(588) sysmalloc
calls=434 2524 
* 148803
* 434
+1 868
1981 1302
4366 27778
-2 27778
+2 27778
-1 27778
+1 27778
-3 27778
+8 27778
-5 27778
+2 27778
-2 111112
+2 27778
1981 83334

fn=(742) sysmalloc_mmap_fallback.constprop.0
2484 2976
+4 372
+3 1116
+1 5
+3 744
+5 372
-1 744
+3 2976
cfi=(203)
cfn=(744)
calls=372 47 
* 3348
* 372
+3 744
+4 744
+7 372
+2 372
+2 2604
2004 1488

fn=(714) _int_free
4407 227016
+10 28377
-10 85131
+10 56754
+6 141885
+1 56754
+4 113508
+8 141885
-1 56754
+1 56754
+29 372
-20 372
-6 372
+6 744
+20 1488
1788 28368
4479 56736
4688 312147
4555 56736
+6 85104
+7 28368
-4 28368
+4 56736
+3 56736
+5 85104
+3 56736
+1 56736
+1 56736
1988 85104
4587 56736
+1 9
+2 9
-1 9
+2 36
+2 18
cfn=(726)
calls=9 1602 
* 207
+3 56736
+5 56714
+4 28057
+9 28057
-1 28057
+1 84171
+1 56114
-1 300
-1 300
+1 900
+1 600
+12 28357
-10 28357
+11 28357
-1 28357
-8 56714
+2 55988
+3 27994
+1 27994
+2 27994
+1 27994
+30 56010
+1 27
+3 27
3157 9
+4 9
-4 9
+2 36
+1 9
+1 9
4468 9
4624 363
+1 363
+2 363
+1 363
+50 85104
-39 11
+1 33
+1 22
-39 300
+1 300
-1 300
cfn=(726)
calls=300 1602 
* 6012
+1 300
-30 12390
-2 8260
+93 45

fn=(588)
2524 3906
+20 1736
+11 868
+1 868
-11 434
+37 434
+11 434
-10 1302
+1 434
+9 3901
+6 1302
+3 1302
2917 868
+1 434
+5 868
+3 868
+5 868
-2 434
+2 434
-1 434
+1 434
-3 434
+3 434
+1 434
-1 1302
+1 434
+2 434
+6 4774
2663 868
+9 1736
+13 1302
+8 3038
+8 868
+21 1488
+6 3348
cfn=(742)
calls=372 2484 
* 19349
+2 1116
-2 372
+2 372
+4 1116
+4 744
+2 868
+2 1302
+6 1732
+1 61
2922 61
2749 183
-46 1736
cfi=(176)
cfn=(590)
calls=434 25 
* 20164
+1 1736
-1 434
+1 434
2004 248
2706 434
+3 868
+33 124
2586 124
2751 748
+40 3
+22 1
+1 1
-1 1
+1 6
+2 2
+1 4
cfi=(176)
cfn=(590)
calls=1 25 
* 27
+12 3
-12 1
+12 1
2004 4
2873 4
-30 744
-65 372
+84 744
+10 373
-1 373
+1 1119
+1 373
+11 746
+7 744
+1 1116
+8 372
+2 372
+5 744
+2 1860
cfn=(714)
calls=372 4407 
* 39417
+8 372
+5 1116
2741 2
-52 3

fn=(710)
3328 28005
+4 56010
-4 28005
+14 28005
-14 56010
+12 28005
+4 28005
-4 28005
+4 56010
+17 84015
fi=(174)
162 84015
fe=(173)
3367 56010
cfn=(714)
calls=28005 4407 
* 2884283
+3 28005
+1 112020

fn=(574)
3263 337206
+7 112402
1320 112400
+19 281005
3280 112402
+2 224804
+3 112400
+10 112402
+28 281005
3217 4
cfn=(584) tcache_init.part.0
calls=1 -6 
* 463
+68 2
+12 224804
cfn=(586)
calls=56201 1320 
* 6000479
+1 281005
fi=(174)
162 112402
310 1
cfn=(578)
calls=1 -2 
* 1120
fe=(173)
1320 2

fn=(584)
3211 2
+9 8
+1 3
cfn=(586)
calls=1 1320 
* 349
+1 2
+8 4
+7 2
+3 1
-1 1
+1 1
-1 1
+1 86
+3 3

fn=(726)
1602 614
+2 3070
+3 614
+1 1228
+2 2456
-3 614
+6 614
+1 614
+1 2182
+2 600
+1 900
+3 600
+14 300
+1 300
+3 1228

fl=(133)
fn=(414)
31 1
fi=(107)
+6 4
-1 2
fe=(133)
-5 2
fi=(107)
+7 3
+3 2
+4 3
+3 4
fe=(133)

fl=(192)
fn=(654)
37 54530208
+8 9088368
+23 4544184
+2 9088368
cfi=(199)
cfn=(670)
calls=4544184 -45 
* 86339496
+1 27265104
-9 4544184
fi=(224) ./libio/../include/printf_buffer.h
+66 4544184
fe=(192)
-66 4544184
fi=(224)
+62 4544184
+2 4544184
+1 4544184
fe=(192)
-65 4544184
cfi=(193)
cfn=(656)
calls=4544184 594 
* 2110901859
+6 9088368

fl=(172) ./io/../sysdeps/unix/sysv/linux/fstatat64.c
fn=(570) fstatat
154 4
-55 4
+70 6
+1 2

fl=(186)
fn=(636)
278 27265104
fi=(190) ./stdio-common/../include/scratch_buffer.h
77 4544184
fe=(186)
278 31809288
+10 22720920
+1 4544184
fi=(190)
77 4544184
fe=(186)
339 4544184
-50 4544184
+50 9088368
fi=(190)
78 4544184
fe=(186)
339 4544184
+6 13632552
+3 22720920
+4 4544184
+20 13632552
-20 4544184
+7 9088368
+6 4544184
+2 9088368
+5 4544184
-5 4544184
+5 4544184
-5 4544184
+5 13632552
cfi=(187)
cfn=(638)
calls=4544184 24 
* 59074392
* 27265104
+9 9088368
-4 4544184
+4 9088368
-98 9088368
+49 4544184
-48 4544184
+9 4544184
-10 9088368
-1 4544184
+46 4544184
-1 4544184
-1 4544184
-1 4544184
-12 4544184
-30 18176736
418 9088368
+24 4544184
+1 9088368
-62 13632552
3015 22720920
206 4544184
+17 4544184
-1 4544184
+1 4544184
488 4544184
222 9088368
488 9088368
222 4544184
488 9088368
-6 4544184
+23 22720920
-1 18176736
+1 9088368
-1 9088368
3025 31809288
cfi=(187)
cfn=(646)
calls=4544184 54 
* 40897656
fi=(190)
85 13632552
fe=(186)
3029 9088368
+17 9088368
+6 54530208
345 9088368
448 4544184
+77 4544184
+4 4544184
-4 13632552
+7 40897656
+80 9088368
+4 4544184
+1 22720920
+4 4544184
+1 13632552
-1 4544184
+1 27265104
+6 27265104
+3 9088368
-3 4544184
+3 18176736
-3 9088368
+4 31809288
+1 18176736
+4 18176736
-4 13632552
cfi=(168)
cfn=(640)
calls=4544184 +2 
* 86339496
+4 49986024
1398 36353472
+5 13632552
+9 22732288
+2 11368
260 5684
1414 11368
260 17052
+3 17052
1418 39788
+2 39788
1733 11368
1431 11368
1733 9088368
+9 4544184
fi=(190)
113 27265104
fe=(186)
1742 9088368
fi=(190)
113 13632552
fe=(186)
1735 83198056
+5 235961616
260 74109688
1797 37054844
260 74109688
+3 111164532
1799 148219376
+2 333493596
-68 110463160
+71 9088368
206 4544184
1811 9088368
214 9088368
1812 9088368
+28 40897656
cfi=(168)
cfn=(640)
calls=4544184 635 
* 86339496
* 18176736
260 9088368
+3 13632552
1844 9088368
1669 9088368
1862 9088368
206 4544184
1669 9088368
1861 13632552
+7 13632552
+3 18176736
+6 4544184
-4 9088368
+27 9088368
1742 22720920
1435 13621184
+3 18176736
1865 4544184
cfi=(188)
cfn=(642)
calls=4544184 97 
* 1141098752
* 9088368
-52 22736
+77 9088368
+2 9088368
+3 9088368
+1 59074392
1390 4544184
-1 4544184
+1 9088368

fl=(105)
fn=(334)
67 1
-23 4
-1 2
+24 2
-22 3
+3 2
+4 3
+3 4

fl=(171)
fn=(568)
29 4
+1 4
+5 6
cfi=(172)
cfn=(570)
calls=2 154 
* 16

totals: 15320380351
